[?25l[0m                                                                                                                        [0m
                                                                                                                        [0m
                                                                                                                        [0m
                                                     [38;2;67;103;53m▄[38;2;47;95;44;48;2;32;50;24m▄[0m[38;2;67;116;59m▄[0m        [7m[38;2;29;51;24m▌[0m[38;2;58;98;51;48;2;38;82;33m▌[38;2;86;138;67;48;2;34;55;26m▄[0m[38;2;32;52;24m▄[0m                                                    [0m
                                                  [38;2;74;107;53m▄[38;2;104;159;77m▄[38;2;42;90;43;48;2;91;136;70m▄[0m[7m[38;2;53;101;48m▄[0m [7m[38;2;21;57;24m▄[0m[38;2;45;88;45;48;2;38;74;40m▌[0m       [38;2;40;77;37;48;2;48;94;49m▌[0m[7m[38;2;11;30;12m▄[38;2;27;63;29m▄[0m[38;2;42;90;40;48;2;97;152;74m▄[38;2;108;162;78;48;2;37;57;28m▄[0m[38;2;71;98;48m▄[0m                                                  [0m
                                                [38;2;56;86;48;48;2;67;109;54m▌[38;2;34;79;37;48;2;115;168;83m▄[38;2;15;41;18;48;2;87;149;68m▄[0m[7m[38;2;35;83;39m▄[0m    [7m[38;2;10;26;13m▌[0m[38;2;55;83;62;48;2;24;51;28m▄[0m[38;2;50;61;57m▄[0m  [38;2;46;56;51m▄[38;2;45;56;53m▄[38;2;46;69;54m▄[38;2;32;70;41m▌[0m   [7m[38;2;50;107;49m▄[0m[38;2;28;67;31;48;2;97;163;73m▄[38;2;50;102;48;48;2;102;144;73m▄[0m[38;2;53;82;44m▌[0m                                                [0m
                                                       [38;2;92;113;107;48;2;39;48;44m▄[38;2;147;186;185;48;2;113;138;132m▄[38;2;131;176;174;48;2;113;157;153m▌[38;2;83;97;100;48;2;100;131;131m▄[38;2;100;77;32;48;2;76;66;45m▄[38;2;85;69;35;48;2;72;87;77m▌[38;2;107;128;130;48;2;126;167;160m▌[38;2;135;173;169;48;2;146;185;183m▄[38;2;133;187;181;48;2;135;171;167m▄[38;2;118;160;154;48;2;90;117;114m▌[0m[38;2;85;99;97m▌[0m                                                      [0m
                                                       [38;2;107;148;76;48;2;75;91;88m▄[38;2;94;135;66;48;2;84;98;104m▄[38;2;87;137;57;48;2;68;85;88m▄[38;2;130;193;74;48;2;61;97;63m▄[38;2;141;201;76;48;2;100;160;68m▄[38;2;138;197;77;48;2;78;133;59m▄[38;2;97;149;71;48;2;62;86;75m▄[38;2;109;151;71;48;2;81;99;103m▄[38;2;130;182;90;48;2;71;93;83m▄[38;2;87;139;64;48;2;77;95;96m▄[38;2;65;79;31;48;2;82;81;72m▄[38;2;141;90;45;48;2;59;46;25m▄[0m                                                     [0m
                                             [38;2;54;62;57m▄[38;2;140;149;146m▄[38;2;143;152;149m▄[38;2;78;86;81m▄[0m     [38;2;12;21;11;48;2;117;140;112m▌[38;2;201;209;205;48;2;72;110;66m▄[38;2;62;88;59;48;2;102;154;69m▄[38;2;104;156;65;48;2;145;199;79m▄[38;2;164;215;88;48;2;153;209;83m▄[38;2;161;215;85;48;2;151;208;80m▄[38;2;145;202;82;48;2;110;167;64m▌[38;2;70;114;55;48;2;135;188;80m▄[38;2;153;165;155;48;2;91;141;61m▄[38;2;132;143;134;48;2;75;112;71m▄[38;2;183;192;182;48;2;54;105;55m▄[38;2;82;127;75;48;2;75;136;63m▄[38;2;71;140;67;48;2;71;94;42m▄[0m[38;2;51;64;37m▌[0m  [38;2;77;97;87;48;2;56;65;63m▄[38;2;59;78;75;48;2;99;111;109m▄[38;2;87;105;104;48;2;123;136;133m▄[38;2;155;174;179;48;2;114;126;124m▄[38;2;188;206;209;48;2;70;77;74m▄[0m[38;2;146;158;155m▄[0m                                            [0m
                                             [7m[38;2;39;54;48m▄[0m[38;2;23;32;28;48;2;126;143;141m▄[38;2;109;125;121;48;2;198;212;214m▄[38;2;198;213;214;48;2;204;216;219m▄[38;2;198;214;215;48;2;141;152;146m▄[0m[38;2;56;62;59m▌[0m   [38;2;93;106;91;48;2;244;248;244m▌[38;2;61;79;67;48;2;142;153;144m▄[38;2;26;51;34;48;2;14;41;23m▌[38;2;75;117;47;48;2;143;201;82m▌[38;2;141;201;77;48;2;156;211;80m▄[38;2;144;202;75;48;2;153;209;82m▄[38;2;141;203;76;48;2;126;177;81m▌[38;2;126;148;120;48;2;237;241;237m▌[38;2;180;184;179;48;2;70;87;76m▌[38;2;10;37;17;48;2;54;77;62m▄[38;2;17;42;24;48;2;114;126;118m▌[38;2;204;214;208;48;2;74;113;64m▌[38;2;96;163;73;48;2;70;142;62m▌[38;2;62;133;74;48;2;29;64;38m▌[0m    [7m[38;2;43;53;49m▌[0m[38;2;106;123;124;48;2;152;171;177m▌[38;2;150;169;177;48;2;158;178;186m▄[38;2;159;178;186;48;2;188;206;210m▄[38;2;180;198;200;48;2;140;158;155m▌[0m[38;2;49;59;57m▌[0m                                          [0m
                                           [38;2;12;19;15;48;2;113;127;123m▌[38;2;183;197;201;48;2;81;88;88m▄[0m[38;2;111;125;124m▄[38;2;59;68;64m▄[38;2;175;190;191;48;2;134;146;144m▄[38;2;98;115;113;48;2;191;206;210m▄[38;2;167;184;188;48;2;187;202;206m▄[38;2;190;203;204;48;2;57;64;60m▌[0m  [38;2;64;87;45;48;2;145;190;96m▌[38;2;117;169;76;48;2;140;183;104m▌[38;2;134;186;81;48;2;146;162;141m▄[38;2;139;194;80;48;2;115;143;102m▄[38;2;142;194;86;48;2;151;206;85m▌[38;2;145;202;81;48;2;153;209;90m▄[38;2;145;203;79;48;2;140;199;75m▌[38;2;137;197;74;48;2;135;193;77m▄[38;2;137;192;82;48;2;194;218;175m▄[38;2;132;177;89;48;2;202;212;201m▄[38;2;136;189;82;48;2;54;78;52m▄[38;2;149;203;86;48;2;107;133;96m▄[38;2;127;187;79;48;2;97;140;76m▄[38;2;93;163;65;48;2;70;140;63m▌[38;2;47;127;58;48;2;67;137;84m▌[0m[38;2;9;32;14m▌[0m  [38;2;102;77;47m▄[38;2;151;92;48;48;2;69;76;68m▄[38;2;79;79;73;48;2;133;151;160m▄[38;2;78;95;96;48;2;139;157;168m▄[38;2;56;71;70;48;2;123;142;151m▄[38;2;89;106;111;48;2;154;172;179m▄[38;2;150;166;170;48;2;121;135;133m▌[0m[38;2;193;210;207m▄[38;2;59;69;65m▄[0m                                        [0m
                                            [38;2;42;55;52;48;2;134;149;152m▄[38;2;132;150;149;48;2;142;155;154m▌[38;2;172;184;181;48;2;189;202;201m▌[38;2;127;143;144;48;2;72;91;85m▌[38;2;79;95;91;48;2;102;121;115m▄[38;2;65;83;77;48;2;96;113;110m▌[38;2;178;194;196;48;2;167;181;180m▄[0m[38;2;133;146;141m▄[0m [38;2;33;49;23;48;2;99;140;69m▌[38;2;105;164;72;48;2;111;176;68m▄[38;2;112;176;70;48;2;123;187;70m▄[38;2;106;160;67;48;2;131;190;73m▄[38;2;101;152;64;48;2;137;196;75m▄[38;2;91;138;54;48;2;137;198;74m▄[38;2;87;133;52;48;2;136;196;75m▄[38;2;99;143;65;48;2;136;195;75m▄[38;2;96;144;57;48;2;133;189;79m▄[38;2;122;182;76;48;2;75;119;48m▄[38;2;107;164;66;48;2;121;183;74m▌[38;2;101;170;70;48;2;120;184;71m▄[38;2;62;135;58;48;2;104;171;70m▄[38;2;53;120;65;48;2;58;136;61m▄[38;2;17;41;20;48;2;45;102;57m▄[0m[38;2;90;99;73m▄[38;2;128;134;94;48;2;35;41;29m▄[38;2;132;128;91;48;2;92;74;46m▄[38;2;100;63;31;48;2;179;108;55m▄[38;2;33;22;9;48;2;141;79;39m▄[0m[7m[38;2;43;34;17m▄[0m  [7m[38;2;42;54;53m▌[0m[38;2;68;83;84;48;2;118;136;142m▄[38;2;56;70;69;48;2;105;122;128m▄[0m[7m[38;2;49;61;59m▄[0m                                        [0m
                                             [7m[38;2;117;135;132m▄[38;2;130;147;152m▄[0m[38;2;32;42;40;48;2;153;171;174m▄[38;2;51;64;64;48;2;132;149;149m▄[38;2;106;122;125;48;2;165;182;184m▄[38;2;167;185;188;48;2;136;154;158m▌[38;2;118;137;140;48;2;134;152;155m▌[38;2;137;153;154;48;2;113;126;126m▌[0m[38;2;140;154;154m▄[38;2;46;53;49;48;2;38;67;32m▄[38;2;13;33;13;48;2;86;157;67m▄[38;2;51;102;48;48;2;108;175;67m▄[38;2;81;150;67;48;2;117;179;74m▄[38;2;95;166;72;48;2;112;172;76m▄[38;2;94;166;73;48;2;113;175;77m▄[38;2;91;163;70;48;2;121;182;76m▄[38;2;78;151;67;48;2;111;175;68m▄[38;2;62;133;62;48;2;103;170;69m▄[38;2;43;103;53;48;2;87;157;67m▄[38;2;25;56;31;48;2;60;135;63m▄[0m[7m[38;2;47;114;61m▄[0m[38;2;16;30;18;48;2;38;49;28m▌[38;2;122;127;86;48;2;86;96;67m▄[38;2;138;142;97;48;2;128;134;93m▄[38;2;143;147;101;48;2;138;142;96m▌[38;2;144;145;101;48;2;150;154;107m▄[0m[38;2;105;112;82m▌[0m                                                [0m
                                                  [7m[38;2;53;67;67m▄[0m[38;2;27;35;34;48;2;140;157;160m▄[38;2;117;131;135;48;2;141;157;158m▄[38;2;144;162;166;48;2;123;141;145m▌[38;2;141;158;164;48;2;131;146;148m▄[38;2;130;145;146;48;2;85;93;90m▄[0m[38;2;122;133;130m▄[38;2;32;48;32m▄[38;2;53;100;48;48;2;23;58;27m▄[38;2;25;72;31;48;2;33;88;45m▌[38;2;37;98;54;48;2;29;79;39m▄[38;2;30;83;44;48;2;23;73;34m▌[38;2;41;99;48;48;2;10;35;14m▄[0m[38;2;39;72;39m▄[38;2;103;78;50m▄[38;2;176;109;60;48;2;51;42;27m▄[38;2;145;79;38;48;2;149;96;54m▄[38;2;89;59;29;48;2;56;57;32m▌[38;2;105;108;74;48;2;134;136;96m▌[38;2;143;145;100;48;2;142;144;98m▄[38;2;131;136;92;48;2;146;148;105m▄[0m[38;2;81;89;64m▌[0m                                                [0m
                                                     [38;2;27;44;23;48;2;93;108;109m▄[38;2;68;96;82;48;2;147;165;167m▄[38;2;136;155;158;48;2;149;167;170m▌[38;2;141;156;160;48;2;124;141;144m▄[38;2;141;158;159;48;2;131;149;146m▌[38;2;140;154;153;48;2;78;123;73m▄[38;2;109;141;97;48;2;71;137;63m▄[38;2;122;173;75;48;2;57;122;50m▄[38;2;113;122;66;48;2;80;142;64m▄[38;2;179;121;74;48;2;73;110;55m▄[38;2;170;99;46;48;2;150;115;69m▄[38;2;119;66;32;48;2;174;103;55m▄[38;2;56;66;31;48;2;140;78;36m▄[38;2;54;100;47;48;2;57;38;17m▄[0m [38;2;16;24;12;48;2;59;68;44m▌[38;2;55;75;46;48;2;116;118;78m▄[38;2;69;105;53;48;2;135;141;98m▄[38;2;107;131;83;48;2;19;29;14m▌[0m                                                [0m
                                                  [38;2;49;72;34m▄[38;2;122;172;84m▄[38;2;87;152;65;48;2;86;121;59m▄[38;2;40;91;40;48;2;114;172;82m▄[0m[7m[38;2;52;112;57m▄[0m[38;2;39;71;34;48;2;121;154;98m▌[38;2;90;130;67;48;2;134;152;152m▄[38;2;112;128;124;48;2;142;156;158m▄[38;2;116;124;116;48;2;139;159;164m▄[38;2;158;116;79;48;2;115;128;122m▄[38;2;176;101;54;48;2;125;106;67m▄[38;2;148;82;40;48;2;179;115;65m▄[38;2;86;58;24;48;2;163;90;41m▄[38;2;52;96;47;48;2;110;64;31m▄[38;2;38;105;53;48;2;42;65;30m▄[38;2;38;97;53;48;2;39;90;42m▌[38;2;58;94;52;48;2;76;140;63m▄[38;2;36;92;42;48;2;123;180;81m▄[38;2;69;135;59;48;2;103;140;70m▄[38;2;70;113;57;48;2;40;96;44m▌[38;2;63;128;57;48;2;99;164;69m▌[38;2;116;176;76;48;2;99;137;74m▌[0m                                                [0m
                                                 [38;2;91;146;69;48;2;37;61;30m▄[38;2;122;180;71;48;2;95;136;71m▄[38;2;125;177;85;48;2;63;113;51m▄[38;2;92;109;70;48;2;19;51;23m▄[0m[38;2;126;133;99m▄[38;2;114;121;89m▄[38;2;151;152;109;48;2;80;101;58m▄[38;2;151;153;109;48;2;99;134;72m▄[38;2;103;119;73;48;2;101;84;51m▌[38;2;151;84;41;48;2;173;113;69m▄[38;2;109;63;27;48;2;166;93;47m▄[38;2;65;65;50;48;2;130;73;30m▄[38;2;102;118;119;48;2;77;59;39m▄[38;2;133;152;150;48;2;72;88;86m▄[38;2;95;109;88;48;2;60;106;70m▄[38;2;150;152;111;48;2;37;97;54m▄[38;2;125;135;95;48;2;63;108;62m▄[38;2;91;107;70;48;2;122;154;93m▄[38;2;112;125;89;48;2;59;99;57m▄[38;2;44;86;44;48;2;49;104;50m▄[38;2;73;123;58;48;2;43;89;41m▄[38;2;31;62;27;48;2;15;41;20m▌[0m[7m[38;2;40;71;38m▄[0m                                                [0m
                                                 [7m[38;2;35;81;39m▄[0m[38;2;19;47;24;48;2;81;145;63m▄[38;2;37;68;35;48;2;78;122;57m▄[38;2;98;101;70;48;2;134;142;99m▄[38;2;126;132;89;48;2;139;142;101m▄[38;2;140;144;98;48;2;144;146;96m▌[38;2;113;119;82;48;2;143;149;97m▄[38;2;130;135;92;48;2;105;111;79m▌[38;2;59;73;43;48;2;127;129;96m▄[38;2;40;48;20;48;2;55;77;40m▌[38;2;84;156;70;48;2;49;90;44m▄[38;2;76;143;65;48;2;46;99;56m▄[38;2;47;106;55;48;2;94;114;114m▄[38;2;60;77;46;48;2;95;109;95m▄[38;2;92;98;66;48;2;137;140;99m▄[38;2;130;136;90;48;2;138;143;95m▌[38;2;137;141;96;48;2;144;146;99m▌[38;2;144;144;97;48;2;144;150;104m▄[38;2;134;135;93;48;2;125;129;89m▌[38;2;135;140;100;48;2;83;103;62m▌[38;2;56;112;55;48;2;116;169;81m▄[38;2;73;126;59;48;2;40;80;36m▌[38;2;123;152;88;48;2;114;138;97m▄[0m[38;2;163;189;131m▄[38;2;64;76;55m▄[0m                                              [0m
                                                   [38;2;126;91;59m▄[38;2;161;95;47;48;2;86;75;43m▄[38;2;121;65;32;48;2;77;62;33m▄[38;2;74;63;37;48;2;98;106;80m▌[38;2;112;122;90;48;2;91;103;78m▌[38;2;96;114;92;48;2;63;76;49m▄[38;2;117;168;82;48;2;56;71;40m▄[38;2;127;184;77;48;2;55;93;44m▄[38;2;124;183;73;48;2;53;102;41m▄[38;2;108;174;71;48;2;53;105;44m▄[38;2;93;158;69;48;2;46;101;48m▄[38;2;43;97;47;48;2;44;68;39m▄[38;2;41;70;37;48;2;66;90;58m▌[38;2;92;103;79;48;2;83;89;61m▌[38;2;67;78;53;48;2;133;136;94m▄[38;2;120;137;138;48;2;90;98;69m▄[38;2;152;166;171;48;2;73;84;69m▄[38;2;131;146;144;48;2;77;90;74m▄[38;2;128;144;127;48;2;71;102;61m▄[38;2;121;150;93;48;2;134;165;99m▌[38;2;137;170;98;48;2;155;186;112m▄[38;2;156;186;112;48;2;150;180;111m▄[38;2;151;179;108;48;2;162;188;123m▌[38;2;164;190;125;48;2;71;86;57m▄[0m                                             [0m
                                                   [7m[38;2;112;64;30m▄[38;2;106;58;28m▄[38;2;32;24;13m▄[0m[38;2;57;67;62;48;2;117;132;131m▌[38;2;93;106;104;48;2;72;91;85m▌[38;2;100;101;89;48;2;68;56;29m▌[38;2;150;98;52;48;2;84;121;57m▄[38;2;96;118;71;48;2;119;150;110m▌[38;2;115;99;73;48;2;110;154;93m▄[38;2;122;125;107;48;2;96;143;83m▄[38;2;119;87;50;48;2;66;129;56m▄[38;2;92;61;33;48;2;45;97;45m▄[38;2;104;62;25;48;2;100;92;46m▄[38;2;189;110;48;48;2;173;120;57m▄[38;2;169;114;63;48;2;152;106;51m▌[38;2;99;105;54;48;2;81;92;85m▄[38;2;58;90;64;48;2;144;158;158m▄[38;2;102;120;112;48;2;122;141;135m▌[38;2;89;114;84;48;2;131;144;143m▄[0m[38;2;20;30;16m▌[7m[38;2;65;85;52m▄[38;2;114;140;84m▄[38;2;133;160;100m▄[38;2;127;156;97m▄[0m                                             [0m
                                                      [38;2;66;54;31;48;2;147;102;60m▌[38;2;143;81;41;48;2;87;71;48m▄[38;2;109;68;39;48;2;65;55;21m▌[38;2;92;143;66;48;2;95;93;46m▄[38;2;76;135;62;48;2;95;107;91m▄[38;2;59;112;58;48;2;114;104;81m▄[38;2;60;112;57;48;2;106;111;99m▄[38;2;67;136;61;48;2;92;77;43m▄[38;2;48;102;50;48;2;75;68;31m▄[38;2;109;68;30;48;2;119;71;34m▄[38;2;165;95;43;48;2;133;80;39m▄[38;2;192;110;47;48;2;116;76;39m▄[38;2;148;99;52;48;2;70;84;37m▌[38;2;71;131;62;48;2;78;139;64m▄[38;2;70;119;52;48;2;133;184;84m▌[38;2;151;202;84;48;2;169;215;99m▌[38;2;165;207;99;48;2;131;167;85m▌[0m[38;2;74;103;54m▄[0m                                                [0m
                                                      [38;2;39;34;15;48;2;155;104;55m▄[38;2;95;70;33;48;2;170;95;42m▄[38;2;78;115;53;48;2;78;67;31m▄[38;2;41;98;46;48;2;38;83;37m▌[38;2;36;85;37;48;2;80;145;65m▄[38;2;53;120;58;48;2;86;153;70m▄[38;2;52;120;60;48;2;82;155;67m▄[38;2;45;114;59;48;2;68;139;64m▄[38;2;34;91;43;48;2;27;73;35m▌[38;2;50;107;53;48;2;76;64;30m▄[38;2;30;60;22;48;2;150;88;42m▄[38;2;43;94;52;48;2;142;87;37m▄[38;2;38;88;43;48;2;67;77;36m▄[38;2;50;104;49;48;2;59;116;58m▄[38;2;83;137;56;48;2;116;175;75m▌[38;2;114;174;68;48;2;124;183;69m▄[38;2;122;180;68;48;2;133;187;91m▌[38;2;61;117;53;48;2;112;160;81m▄[38;2;90;135;69;48;2;19;37;15m▌[0m                                               [0m
                                                     [38;2;36;57;30m▄[38;2;66;123;64;48;2;37;72;35m▄[38;2;85;133;63;48;2;48;96;47m▄[38;2;117;169;82;48;2;76;135;62m▌[38;2;21;59;24;48;2;6;25;8m▌[38;2;32;84;47;48;2;27;77;44m▄[38;2;5;27;10;48;2;16;61;27m▄[38;2;34;92;54;48;2;18;68;32m▄[38;2;24;85;50;48;2;18;67;35m▄[38;2;24;81;48;48;2;21;71;39m▄[38;2;31;82;37;48;2;83;143;62m▌[38;2;117;171;79;48;2;79;124;60m▄[38;2;27;65;28;48;2;27;80;39m▌[38;2;47;105;51;48;2;69;122;62m▌[38;2;88;140;67;48;2;59;108;49m▄[38;2;65;122;55;48;2;93;158;67m▄[38;2;79;146;65;48;2;97;162;63m▄[38;2;47;104;49;48;2;81;135;61m▄[38;2;43;106;58;48;2;49;111;56m▄[38;2;55;113;57;48;2;106;152;84m▌[0m[38;2;30;50;21m▌[0m                                              [0m
                                                   [38;2;33;50;23m▄[38;2;92;148;70;48;2;34;52;25m▄[38;2;44;95;45;48;2;91;149;73m▄[38;2;29;73;31;48;2;73;113;56m▌[38;2;123;173;81;48;2;104;164;71m▌[38;2;62;115;54;48;2;13;39;15m▌[38;2;7;26;8;48;2;50;101;58m▌[38;2;37;100;54;48;2;20;63;37m▌[0m [7m[38;2;20;48;24m▄[0m[38;2;34;61;30;48;2;40;93;46m▄[38;2;67;133;59;48;2;26;83;44m▄[38;2;38;105;45;48;2;27;79;37m▄[38;2;72;132;58;48;2;118;176;78m▌[38;2;128;179;83;48;2;79;124;60m▌[38;2;43;97;46;48;2;34;89;42m▄[38;2;33;92;38;48;2;67;127;60m▄[38;2;84;150;72;48;2;86;135;68m▄[38;2;82;129;65;48;2;39;93;43m▄[38;2;23;72;41;48;2;32;94;52m▄[38;2;28;86;40;48;2;37;92;52m▄[38;2;54;115;56;48;2;74;139;65m▌[0m[38;2;46;86;40m▌[0m                                              [0m
                                                  [38;2;21;36;18;48;2;69;104;57m▌[38;2;48;107;52;48;2;98;151;77m▄[38;2;14;35;17;48;2;53;117;59m▄[0m[7m[38;2;9;25;13m▄[0m[38;2;82;118;59;48;2;112;166;75m▌[38;2;25;58;22;48;2;76;136;61m▄[0m [38;2;42;83;44;48;2;44;108;55m▌[38;2;32;84;51;48;2;10;26;14m▌[0m   [7m[38;2;18;35;16m▄[38;2;55;97;48m▄[0m[38;2;10;30;11;48;2;45;97;42m▄[38;2;76;129;57;48;2;125;182;85m▄[38;2;98;141;74;48;2;24;68;33m▌[38;2;25;73;36;48;2;23;81;42m▄[38;2;25;66;34;48;2;29;84;41m▄[38;2;35;90;46;48;2;85;150;68m▄[38;2;84;142;70;48;2;73;119;63m▌[38;2;18;32;15;48;2;47;97;49m▄[0m[7m[38;2;20;48;22m▄[0m                                               [0m
                                                 [7m[38;2;48;80;41m▌[0m[38;2;51;96;50;48;2;18;47;22m▌[0m  [7m[38;2;4;17;2m▌[0m[38;2;100;156;79;48;2;55;104;46m▄[0m[38;2;25;66;30m▌[0m [38;2;20;54;26;48;2;35;87;49m▌[0m[38;2;7;29;14m▌[0m      [7m[38;2;34;83;40m▌[0m[38;2;100;157;76;48;2;47;78;38m▄[0m   [7m[38;2;18;50;24m▌[0m[38;2;72;125;65;48;2;26;52;25m▄[0m                                                [0m
                                                [38;2;42;66;34m▄[38;2;79;127;65;48;2;52;105;56m▌[0m[38;2;12;41;20m▌[0m  [7m[38;2;66;101;51m▌[0m[38;2;100;163;75;48;2;66;136;63m▌[0m[38;2;29;74;36m▌[0m [38;2;34;73;40;48;2;40;100;56m▌[0m[38;2;17;56;29m▌[0m      [7m[38;2;16;46;22m▌[0m[38;2;53;115;54;48;2;85;151;63m▌[38;2;93;147;73;48;2;29;49;22m▌[0m   [38;2;17;53;25;48;2;59;116;57m▌[38;2;83;127;66;48;2;40;62;32m▌[0m                                               [0m
                                               [7m[38;2;42;68;36m▌[0m[38;2;58;121;61;48;2;81;131;67m▄[38;2;33;86;46;48;2;7;27;13m▌[0m  [38;2;86;89;68m▄[38;2;121;127;87;48;2;47;78;38m▄[38;2;96;106;66;48;2;61;122;64m▄[38;2;61;70;45;48;2;16;37;19m▄[0m [38;2;45;92;54;48;2;33;98;52m▌[0m[38;2;21;64;34m▌[0m      [7m[38;2;21;30;17m▌[0m[38;2;41;69;34;48;2;67;107;57m▌[38;2;107;118;77;48;2;79;137;69m▄[38;2;133;141;102;48;2;32;45;24m▄[0m[38;2;17;21;10m▌[0m [7m[38;2;9;31;18m▌[0m[38;2;38;90;47;48;2;66;132;65m▌[38;2;77;126;69;48;2;39;64;32m▄[0m                                              [0m
                                              [7m[38;2;12;29;14m▌[0m[38;2;32;83;43;48;2;61;113;60m▄[38;2;14;36;19;48;2;33;83;44m▄[0m   [38;2;29;36;22;48;2;107;119;82m▌[38;2;108;117;73;48;2;119;128;80m▄[38;2;119;126;81;48;2;96;95;61m▌[38;2;73;76;53;48;2;9;16;5m▌[0m[7m[38;2;3;20;7m▌[0m[38;2;24;66;35;48;2;38;88;52m▄[0m[38;2;15;37;20m▌[0m       [38;2;50;58;38;48;2;93;96;61m▌[38;2;124;125;83;48;2;113;121;76m▌[38;2;102;112;75;48;2;130;136;89m▄[0m[38;2;60;69;49m▌[0m  [7m[38;2;17;49;27m▌[0m[38;2;29;76;39;48;2;51;114;57m▄[38;2;42;89;47;48;2;7;24;10m▌[0m                                             [0m
                                           [38;2;109;120;117m▄[38;2;57;93;59m▄[38;2;46;91;52;48;2;37;58;32m▄[38;2;35;73;40;48;2;53;96;62m▌[38;2;130;147;141;48;2;44;77;53m▄[0m[38;2;182;193;193m▄[38;2;49;59;44;48;2;98;107;75m▌[38;2;120;126;80;48;2;122;131;89m▄[38;2;119;126;81;48;2;106;115;75m▄[38;2;117;123;80;48;2;93;102;67m▄[38;2;92;98;63;48;2;117;123;81m▄[38;2;66;70;46;48;2;107;107;70m▄[38;2;71;85;69;48;2;44;68;38m▄[38;2;159;172;170;48;2;28;82;48m▄[38;2;180;191;190;48;2;29;79;47m▄[38;2;174;188;187;48;2;205;214;220m▌[38;2;205;213;219;48;2;204;211;217m▌[38;2;205;212;218;48;2;201;209;214m▄[38;2;205;213;219m▄[48;2;202;209;214m▄[38;2;205;214;219;48;2;202;209;213m▄[48;2;203;210;214m▄[38;2;205;213;218;48;2;198;207;211m▄[38;2;101;114;105;48;2;68;74;49m▌[38;2;108;112;73;48;2;117;119;81m▄[38;2;124;130;86;48;2;82;92;61m▄[38;2;129;133;87;48;2;96;102;71m▄[38;2;136;141;93;48;2;70;76;57m▄[38;2;130;139;119;48;2;98;105;102m▄[0m[38;2;205;214;221m▄[38;2;190;201;203;48;2;75;88;81m▄[38;2;63;98;77;48;2;46;95;54m▄[38;2;49;90;57;48;2;27;56;25m▄[38;2;57;100;60;48;2;28;46;24m▄[0m[38;2;64;84;67m▄[38;2;123;127;129m▄[0m                                         [0m
                                          [7m[38;2;170;176;181m▄[38;2;202;212;216m▄[38;2;195;206;207m▄▄[0m[38;2;136;139;142;48;2;201;211;214m▄[38;2;167;172;176;48;2;205;214;218m▄[38;2;191;199;204;48;2;169;178;180m▌[38;2;189;198;199;48;2;65;73;58m▄[38;2;180;192;192;48;2;63;69;46m▄[38;2;180;191;190;48;2;65;71;48m▄[38;2;190;201;202;48;2;57;63;42m▄[38;2;202;212;216;48;2;74;80;64m▄[38;2;203;212;218;48;2;114;125;115m▄[38;2;204;213;218;48;2;167;179;179m▄[48;2;205;213;219m▄[38;2;204;214;219m▄▄[48;2;204;213;218m▄[38;2;205;214;219;48;2;205;213;219m▌[38;2;204;214;219m▄[38;2;205;213;219;48;2;205;214;219m▌[38;2;205;214;219m▄[38;2;205;213;219m▄[38;2;205;212;220;48;2;205;214;218m▄[38;2;203;213;217;48;2;131;143;135m▄[38;2;167;176;175;48;2;62;69;45m▄[38;2;134;144;135;48;2;86;93;64m▄[38;2;124;134;124;48;2;92;100;66m▄[38;2;130;140;134;48;2;88;95;64m▄[38;2;164;173;171;48;2;66;76;58m▄[38;2;189;195;200;48;2;198;209;213m▄[38;2;177;181;185;48;2;205;214;218m▄[38;2;154;157;161;48;2;204;212;218m▄[38;2;112;115;117;48;2;197;207;210m▄[0m[7m[38;2;194;205;206m▄[38;2;201;210;212m▄[38;2;193;201;206m▄[38;2;108;112;114m▄[0m                                        [0m
                                                                                                                        [0m
                                                                                                                        [0m
[?25h