[?25l[0m                                                                                                                        [0m
                                                          [38;2;79;81;83m⢠[38;2;36;46;52m⣄[38;2;35;44;52m⣀[0m [38;2;48;50;51m⣀[0m                                                         [0m
                                                       [38;2;51;59;63m⣀[7m[38;2;34;39;44m⠋[38;2;36;42;50m⠉[0m[38;2;21;27;34;48;2;44;51;59m⣁[38;2;106;111;116;48;2;52;61;71m⠁[38;2;70;78;88;48;2;55;63;73m⣴[38;2;30;39;50;48;2;73;81;90m⠉[38;2;93;100;109;48;2;65;74;83m⠦[38;2;82;90;99;48;2;62;70;79m⠶[38;2;41;46;51;48;2;64;71;78m⢈[0m[7m[38;2;45;51;57m⠉[38;2;28;32;36m⢉[0m[38;2;64;67;71;48;2;24;26;29m⠤[0m[7m[38;2;35;37;40m⠛[0m[38;2;62;63;66m⣀[0m                                                  [0m
                                                     [7m[38;2;30;41;48m⠋[0m[38;2;25;37;44;48;2;34;49;59m⡡[38;2;13;28;37;48;2;31;44;56m⠐[38;2;26;37;47;48;2;38;47;58m⠊[38;2;25;37;47;48;2;51;60;70m⠁[38;2;66;74;84;48;2;57;65;75m⡲[38;2;47;54;64m⠶[38;2;56;63;73;48;2;48;56;65m⡥[38;2;27;37;46;48;2;36;45;54m⡉[38;2;33;41;51;48;2;23;32;42m⠋[38;2;23;31;42;48;2;12;18;26m⡉[38;2;28;37;47;48;2;16;25;34m⠁[38;2;29;40;48;48;2;19;28;38m⣀[38;2;5;10;18;48;2;21;30;40m⠉[38;2;4;9;13;48;2;28;36;45m⠉[38;2;7;11;16;48;2;34;40;47m⠓[38;2;70;74;81;48;2;36;40;46m⡙[38;2;26;28;32;48;2;60;65;71m⡈[0m[7m[38;2;47;50;54m⠙[0m[38;2;56;57;57m⡀[0m                                               [0m
                                                  [7m[38;2;37;51;55m⠉[0m[38;2;17;33;38;48;2;33;58;66m⣁[38;2;7;32;42;48;2;21;48;59m⡤[38;2;6;26;35;48;2;20;41;53m⠊[38;2;13;23;33;48;2;23;36;47m⢀[38;2;15;24;36;48;2;27;38;48m⠄[38;2;39;48;58;48;2;34;42;52m⠹[38;2;61;69;78;48;2;50;59;68m⠸[38;2;62;70;79;48;2;74;82;91m⡁[38;2;63;69;79;48;2;77;83;91m⡘[38;2;84;89;98;48;2;64;71;79m⣄[38;2;38;46;55;48;2;55;63;71m⠛[38;2;60;68;77;48;2;37;45;55m⡄[38;2;9;17;26;48;2;15;23;31m⡔[38;2;11;20;29;48;2;22;31;39m⠢[38;2;46;53;61;48;2;30;38;47m⢀[38;2;37;45;53;48;2;55;61;69m⠏[38;2;35;42;50;48;2;69;76;82m⠛[38;2;51;57;64;48;2;71;76;83m⠦[38;2;34;39;47;48;2;74;80;87m⡀[38;2;10;15;19;48;2;39;45;52m⠹[38;2;88;94;102;48;2;45;51;58m⠩[0m[7m[38;2;61;68;75m⠈[0m[38;2;61;66;70m⡄[0m                                              [0m
                                                    [38;2;63;69;71;48;2;18;56;69m⠁[38;2;4;19;30;48;2;13;34;45m⠰[38;2;6;17;28;48;2;18;33;45m⠁[38;2;24;33;45;48;2;21;31;41m⠉[38;2;13;23;32;48;2;23;33;42m⡀[38;2;44;53;61;48;2;32;41;50m⠙[38;2;71;79;87;48;2;41;49;58m⠉[38;2;87;92;101;48;2;50;59;67m⠈[38;2;81;87;94;48;2;63;69;78m⠛[38;2;56;58;64;48;2;75;79;86m⣠[38;2;40;38;43;48;2;133;112;104m⠛[38;2;108;70;60;48;2;43;36;38m⡀[38;2;58;62;68;48;2;43;47;53m⢤[38;2;36;41;47;48;2;67;71;77m⠋[38;2;37;43;49;48;2;77;82;88m⠂[38;2;100;106;113;48;2;82;88;95m⠛[38;2;94;100;107;48;2;70;76;84m⠃[38;2;73;79;87;48;2;44;52;60m⠁[38;2;43;51;61;48;2;32;41;50m⠋[38;2;7;11;17;48;2;23;29;37m⠹[38;2;99;104;112;48;2;49;58;65m⠡[38;2;37;53;59;48;2;57;69;76m⣀[0m                                              [0m
                                                   [38;2;31;57;63;48;2;17;91;108m⠁[38;2;4;39;54;48;2;10;61;77m⢨[38;2;19;59;75;48;2;11;44;58m⡌[38;2;5;24;35;48;2;12;34;46m⢀[38;2;7;21;31;48;2;15;29;39m⠄[38;2;19;24;29;48;2;22;31;40m⢀[38;2;12;12;15;48;2;37;36;40m⠔[38;2;11;21;28;48;2;23;34;42m⠁[38;2;31;40;50;48;2;26;35;43m⠙[38;2;135;110;99;48;2;52;50;54m⢀[38;2;48;43;44;48;2;200;166;146m⠃[38;2;252;220;197;48;2;250;215;190m⢠[38;2;138;98;86;48;2;228;196;177m⠘[38;2;63;53;54;48;2;134;111;103m⠻[38;2;50;46;48;48;2;67;66;69m⣄[38;2;82;87;93;48;2;51;56;63m⠉[38;2;27;37;43;48;2;37;45;54m⡑[38;2;42;52;59;48;2;31;41;50m⠉[38;2;40;49;58;48;2;32;41;51m⠁[38;2;35;42;52;48;2;18;27;37m⡀[38;2;26;35;44;48;2;20;28;36m⠋[38;2;3;7;14;48;2;19;35;41m⡆[38;2;60;200;189;48;2;51;119;115m⠰[38;2;62;155;149;48;2;43;89;87m⡃[0m                                             [0m
                                                 [7m[38;2;26;46;51m⠋[0m[38;2;15;94;112;48;2;18;67;79m⠞[38;2;9;81;98;48;2;18;97;116m⠇[38;2;1;56;72;48;2;14;80;97m⠆[38;2;5;43;57;48;2;6;57;71m⠸[38;2;10;48;59;48;2;12;39;48m⡄[38;2;14;27;34;48;2;49;47;48m⠟[38;2;48;41;41;48;2;100;79;72m⠋[38;2;95;80;76;48;2;41;47;51m⠇[38;2;87;66;58;48;2;37;40;45m⢀[38;2;35;32;35;48;2;130;104;92m⠟[38;2;71;53;47;48;2;226;181;155m⠁[38;2;250;211;185;48;2;243;203;176m⢸[38;2;101;84;73;48;2;220;191;169m⢀[38;2;74;65;60;48;2;199;182;167m⣀[38;2;79;73;68;48;2;196;179;163m⣀[38;2;245;212;190;48;2;160;132;118m⠦[38;2;196;159;139;48;2;105;84;76m⣄[38;2;30;35;41;48;2;61;49;48m⠿[38;2;29;37;48;48;2;26;32;41m⠱[38;2;27;35;45;48;2;22;31;40m⡝[38;2;10;19;27;48;2;22;31;39m⡘[38;2;52;53;54;48;2;19;22;26m⢀[38;2;9;14;19;48;2;47;58;65m⠇[38;2;94;107;113;48;2;66;76;84m⠃[38;2;79;83;88;48;2;67;73;79m⣠[0m                                             [0m
                                                   [38;2;15;88;103;48;2;14;77;90m⢨[38;2;15;96;112;48;2;7;71;84m⠇[38;2;4;37;45;48;2;20;60;68m⡔[38;2;27;53;57;48;2;78;101;103m⠵[38;2;43;51;53;48;2;99;98;95m⠶[38;2;45;47;50;48;2;104;97;93m⠴[38;2;30;35;39;48;2;134;109;100m⠉[38;2;164;117;99;48;2;201;151;128m⠋[38;2;221;164;139;48;2;230;177;149m⠁[38;2;235;188;161;48;2;220;173;147m⠏[38;2;80;62;53;48;2;172;132;111m⠚[38;2;71;58;54;48;2;190;139;115m⠉[38;2;96;73;62;48;2;209;155;129m⠁[38;2;230;181;154;48;2;216;165;139m⣚[38;2;225;173;145;48;2;232;187;161m⣀[38;2;176;148;132;48;2;236;190;163m⠉[38;2;122;78;62;48;2;223;172;145m⠈[38;2;18;14;15;48;2;73;50;43m⢹[38;2;22;28;34;48;2;13;17;21m⡌[38;2;59;61;63;48;2;30;34;37m⣐[38;2;134;151;157;48;2;80;92;97m⣀[38;2;75;90;96;48;2;144;162;167m⢉[38;2;52;72;81;48;2;74;117;126m⠚[38;2;154;252;251;48;2;71;153;158m⢀[0m[7m[38;2;47;93;94m⠸[0m                                            [0m
                                                  [38;2;48;77;82m⠸[7m[38;2;18;38;42m⣠[0m[38;2;105;123;125;48;2;19;43;46m⢂[38;2;1;24;30;48;2;6;47;54m⠹[38;2;34;56;62;48;2;115;137;139m⡀[38;2;43;45;48;48;2;112;109;108m⡤[38;2;137;112;101;48;2;67;79;78m⠛[38;2;147;125;117;48;2;117;106;100m⠻[38;2;207;163;138;48;2;176;145;131m⠘[38;2;222;174;145;48;2;231;181;151m⡇[38;2;236;180;150;48;2;244;191;160m⠛[38;2;230;169;141;48;2;241;188;158m⠙[38;2;73;46;33;48;2;195;163;147m⠐[38;2;236;243;241;48;2;117;139;134m⡄[38;2;102;117;119;48;2;47;74;72m⠰[38;2;51;71;68;48;2;85;113;108m⠇[38;2;71;38;24;48;2;203;164;142m⠂[38;2;248;193;159;48;2;250;202;169m⠛[38;2;61;39;30;48;2;198;153;128m⠈[38;2;17;18;16;48;2;40;35;32m⠃[38;2;9;13;18;48;2;51;56;60m⠈[38;2;143;164;169;48;2;67;95;98m⠈[38;2;176;197;200;48;2;69;109;116m⠁[38;2;144;237;237;48;2;81;189;191m⠰[38;2;152;251;251;48;2;47;162;167m⠁[38;2;122;232;231;48;2;77;175;174m⡇[0m                                            [0m
                                                     [38;2;5;48;54;48;2;18;92;97m⢸[38;2;128;158;164;48;2;48;75;81m⢸[38;2;170;194;206;48;2;150;168;174m⠸[38;2;29;105;108;48;2;107;157;156m⠛[38;2;21;56;58;48;2;75;128;120m⠋[38;2;135;120;108;48;2;163;147;135m⠄[38;2;220;178;153;48;2;237;196;168m⠇[38;2;250;208;178;48;2;251;220;193m⠋[38;2;250;208;182;48;2;251;221;196m⠉[38;2;181;153;143;48;2;235;203;184m⠁[38;2;58;126;117;48;2;227;207;192m⠈[38;2;65;161;146;48;2;182;202;179m⠋[38;2;82;169;152;48;2;215;212;190m⠃[38;2;216;182;158;48;2;250;218;189m⠁[38;2;251;213;182;48;2;250;205;173m⠃[38;2;119;86;69;48;2;197;154;130m⢰[38;2;49;48;49;48;2;39;32;29m⠨[38;2;12;16;18;48;2;30;40;45m⡆[38;2;21;73;69;48;2;29;50;58m⠈[38;2;33;67;79;48;2;42;103;116m⡇[38;2;156;241;241;48;2;85;193;196m⢠[38;2;151;244;244;48;2;67;176;179m⡠[38;2;154;247;247;48;2;64;120;120m⠃[0m                                            [0m
                                                     [38;2;35;148;144;48;2;24;86;82m⠃[38;2;8;45;49;48;2;28;70;71m⢧[38;2;171;203;204;48;2;173;183;178m⡆[38;2;222;179;156;48;2;212;174;153m⠸[38;2;225;178;152;48;2;215;172;148m⠆[38;2;188;168;148;48;2;200;178;158m⡏[38;2;251;216;187;48;2;247;206;178m⢸[38;2;251;226;200;48;2;251;214;184m⠙[38;2;251;222;194;48;2;251;215;185m⠇[38;2;251;209;177;48;2;251;205;173m⠉[38;2;251;208;176;48;2;251;204;172m⠙[38;2;251;213;185;48;2;251;207;178m⠸[38;2;251;221;195;48;2;251;211;184m⠛[38;2;250;216;190;48;2;250;205;177m⠋[38;2;251;200;169;48;2;246;195;164m⠇[38;2;121;102;85;48;2;185;151;125m⢸[38;2;26;24;21;48;2;17;23;20m⠛[38;2;14;36;40;48;2;8;24;25m⠸[38;2;11;97;68;48;2;10;64;56m⢰[38;2;10;55;53;48;2;15;102;72m⠱[38;2;46;122;133;48;2;45;107;107m⠹[38;2;88;183;186;48;2;52;86;90m⠁[0m[38;2;45;59;61m⠃[0m                                            [0m
                                                     [38;2;55;71;69m⠈[38;2;37;92;84m⠳[38;2;153;186;183;48;2;88;114;111m⠹[38;2;189;159;143;48;2;162;161;150m⠙[38;2;194;158;139;48;2;173;148;133m⠋[38;2;170;147;133;48;2;165;142;129m⢉[38;2;176;126;110;48;2;203;148;127m⠖[38;2;250;196;165;48;2;235;173;144m⣰[38;2;251;205;174;48;2;245;197;165m⣿[38;2;207;163;136;48;2;243;197;167m⢀[38;2;245;196;167;48;2;234;183;155m⡋[38;2;251;195;166;48;2;242;188;158m⠉[38;2;251;196;166;48;2;242;187;156m⠉[38;2;246;190;160;48;2;231;184;151m⠛[38;2;226;190;158;48;2;192;181;148m⠟[38;2;173;175;149;48;2;67;85;72m⠇[38;2;0;21;20;48;2;1;39;39m⠗[38;2;101;188;110;48;2;11;87;50m⠐[38;2;145;206;135;48;2;26;108;48m⠒[38;2;161;213;157;48;2;43;138;62m⠒[38;2;144;173;127;48;2;82;145;72m⠢[0m[38;2;141;190;75m⡀[0m                                             [0m
                                                     [38;2;96;144;93m⣀[7m[38;2;29;93;31m⠛[38;2;28;105;39m⠉[0m[38;2;140;169;156;48;2;54;130;92m⠙[38;2;66;125;124;48;2;134;151;143m⡀[38;2;126;107;98;48;2;149;141;130m⠁[38;2;203;145;132;48;2;166;127;113m⠒[38;2;183;108;82;48;2;207;154;130m⠉[38;2;190;125;98;48;2;236;185;155m⠁[38;2;251;216;187;48;2;247;200;167m⠉[38;2;249;213;184;48;2;243;196;162m⠁[38;2;236;189;156;48;2;225;183;149m⠟[38;2;128;136;99;48;2;192;170;136m⢀[38;2;189;171;136;48;2;159;153;121m⢋[38;2;116;129;104;48;2;169;162;129m⠊[38;2;1;65;61;48;2;49;97;82m⢘[38;2;2;101;92;48;2;51;170;145m⡉[38;2;5;129;120;48;2;83;200;145m⠭[38;2;3;96;97;48;2;104;208;117m⠉[38;2;23;88;60;48;2;120;203;66m⠋[38;2;27;94;8;48;2;134;235;74m⠁[0m[38;2;126;192;86m⠇[0m                                             [0m
                                                   [38;2;58;70;51m⢀[7m[38;2;128;191;74m⠃[0m[38;2;66;199;36;48;2;62;143;58m⠏[38;2;18;157;26;48;2;17;79;65m⠁[38;2;59;224;226;48;2;15;115;119m⠠[38;2;56;226;227;48;2;17;142;147m⠔[38;2;66;216;215;48;2;17;144;149m⠊[38;2;12;112;114;48;2;70;169;167m⠦[38;2;159;151;134;48;2;111;149;138m⠻[38;2;210;171;146;48;2;170;153;134m⠻[38;2;241;190;158;48;2;203;169;143m⠛[38;2;238;190;159;48;2;189;155;130m⠟[38;2;213;176;144;48;2;155;131;104m⠟[38;2;186;167;130;48;2;126;115;87m⠉[38;2;195;237;71;48;2;156;166;80m⢠[38;2;145;231;28;48;2;192;215;96m⣀[38;2;211;215;121;48;2;177;231;67m⠛[38;2;182;224;87;48;2;159;239;50m⠋[38;2;203;251;80;48;2;147;240;59m⠉[38;2;177;244;160;48;2;134;238;74m⣀[38;2;166;242;159;48;2;123;237;97m⡠[38;2;184;242;176;48;2;120;237;134m⠔[38;2;183;243;183;48;2;110;191;129m⠊[0m                                              [0m
                               [38;2;69;93;102m⡠[7m[38;2;56;75;79m⠛[0m[38;2;118;163;174m⢀[38;2;64;82;86m⡀[0m                [38;2;60;71;59m⠈[38;2;146;216;94;48;2;51;81;44m⠉[38;2;150;165;165;48;2;95;131;106m⠢[38;2;35;96;103;48;2;76;124;128m⠉[38;2;18;137;145;48;2;43;185;193m⡡[38;2;62;199;201;48;2;16;137;142m⠰[38;2;41;200;202;48;2;8;105;109m⠋[38;2;6;133;138;48;2;1;66;68m⠉[38;2;53;184;179;48;2;14;111;107m⠢[38;2;62;212;202;48;2;14;94;87m⡄[38;2;90;96;83;48;2;18;52;50m⠉[38;2;93;86;74;48;2;21;53;49m⠉[38;2;49;202;190;48;2;28;114;104m⢠[38;2;88;228;218;48;2;50;113;100m⠄[38;2;71;136;26;48;2;101;201;22m⠃[38;2;60;121;66;48;2;101;196;42m⠰[38;2;194;251;151;48;2;132;224;65m⢀[38;2;137;236;78;48;2;170;239;134m⡁[38;2;214;250;198;48;2;122;240;107m⠋[38;2;147;233;132;48;2;54;236;58m⠁[38;2;54;240;88;48;2;19;211;51m⠋[38;2;3;137;57;48;2;26;208;87m⣀[0m[7m[38;2;58;143;100m⠸[0m                                              [0m
                               [38;2;35;45;49m⠸[38;2;57;92;102;48;2;27;44;54m⠈[38;2;58;84;91;48;2;31;48;56m⠈[38;2;66;89;94;48;2;38;48;51m⠃[0m    [7m[38;2;53;90;98m⠋[38;2;73;104;108m⠙[0m            [7m[38;2;49;156;142m⠃[0m[38;2;110;141;133;48;2;67;160;91m⠙[38;2;44;160;166;48;2;85;128;122m⠈[38;2;31;157;163;48;2;46;125;129m⠛[38;2;1;31;32;48;2;3;52;54m⢰[38;2;3;31;33;48;2;8;49;50m⠛[38;2;0;45;47;48;2;2;72;71m⡇[38;2;69;218;209;48;2;26;142;131m⡇[38;2;15;50;50;48;2;10;50;48m⢸[38;2;36;158;145;48;2;16;89;82m⢀[38;2;79;229;220;48;2;31;155;143m⠇[38;2;47;102;48;48;2;59;116;81m⢸[38;2;88;225;8;48;2;102;233;29m⠘[38;2;112;237;32;48;2;141;237;98m⠋[38;2;186;247;159;48;2;111;238;83m⠓[38;2;131;234;111;48;2;60;234;54m⠋[38;2;23;225;23;48;2;52;220;62m⠞[38;2;27;140;71;48;2;37;190;82m⡴[38;2;15;152;72;48;2;13;210;135m⠋[38;2;81;171;152;48;2;24;205;144m⢀[38;2;9;196;135;48;2;42;149;127m⠋[38;2;49;112;112;48;2;35;172;171m⠖[38;2;75;123;127;48;2;42;195;199m⠛[0m[7m[38;2;65;169;171m⠙[38;2;50;99;101m⠻[0m                                          [0m
                                [38;2;23;33;38;48;2;35;50;57m⡋[38;2;22;42;51;48;2;32;47;55m⡇[38;2;86;127;130;48;2;41;65;71m⠰[38;2;34;54;58;48;2;46;66;71m⡏[0m[7m[38;2;44;56;59m⠹[0m  [38;2;50;100;111;48;2;40;69;75m⢘[38;2;38;78;85;48;2;78;118;124m⠄[0m         [7m[38;2;48;97;98m⠏[0m[38;2;68;94;94;48;2;27;194;212m⠁[38;2;38;178;193;48;2;18;121;136m⠓[38;2;16;164;182;48;2;17;91;100m⠋[38;2;12;169;193;48;2;9;85;82m⢀[38;2;73;172;169;48;2;52;176;96m⡈[38;2;103;133;128;48;2;71;123;101m⠇[38;2;14;62;58;48;2;22;146;113m⠉[38;2;20;110;103;48;2;40;180;158m⠛[38;2;36;113;111;48;2;36;140;131m⠻[38;2;63;188;178;48;2;40;129;121m⠁[38;2;12;55;56;48;2;39;114;110m⠉[38;2;29;99;96;48;2;36;147;137m⠗[38;2;74;207;186;48;2;27;129;107m⠤[38;2;107;223;46;48;2;79;154;65m⢰[38;2;99;249;197;48;2;83;237;62m⢀[38;2;83;235;73;48;2;78;237;143m⠟[38;2;50;234;62;48;2;67;237;177m⠋[38;2;103;241;114;48;2;54;240;171m⠛[38;2;70;221;159;48;2;55;138;102m⡁[38;2;33;198;141;48;2;66;127;109m⠙[38;2;37;212;161;48;2;67;143;124m⠛[38;2;102;220;191;48;2;81;155;146m⢁[38;2;76;168;130;48;2;92;230;205m⡁[38;2;14;236;236;48;2;107;241;236m⠛[38;2;12;235;237;48;2;92;225;225m⠛[38;2;31;236;239;48;2;66;189;191m⠋[38;2;47;141;148;48;2;30;194;198m⠖[38;2;54;112;119;48;2;51;197;193m⠚[0m[38;2;124;200;192m⡄[0m                                        [0m
                                [38;2;53;57;59m⠈[38;2;39;49;56;48;2;29;39;45m⡃[38;2;39;57;65;48;2;26;43;51m⠘[38;2;41;53;60;48;2;45;59;66m⠇[38;2;76;141;160;48;2;69;130;147m⣔[0m[7m[38;2;67;128;144m⠈[38;2;67;114;126m⠉[0m[38;2;44;72;79;48;2;79;132;144m⠉[38;2;67;119;132;48;2;94;146;158m⠓[0m[7m[38;2;76;111;118m⠘[0m       [7m[38;2;59;160;160m⠋[0m[38;2;13;106;80;48;2;34;162;160m⢠[38;2;43;207;217;48;2;31;176;163m⠩[38;2;21;92;112;48;2;47;120;138m⡰[38;2;6;67;81;48;2;49;142;156m⠘[38;2;19;164;190;48;2;3;210;218m⠁[38;2;37;212;151;48;2;10;223;203m⠘[38;2;52;132;85;48;2;78;219;128m⠈[38;2;27;151;104;48;2;22;178;133m⡇[38;2;14;191;147;48;2;16;206;171m⠃[38;2;80;238;233;48;2;38;219;201m⠡[38;2;31;196;164;48;2;52;225;201m⢉[38;2;38;203;178;48;2;100;232;152m⠛[38;2;35;198;149;48;2;114;228;131m⠋[38;2;55;167;83;48;2;104;232;147m⠉[38;2;138;242;124;48;2;60;239;179m⠛[38;2;57;234;169;48;2;12;240;223m⠁[38;2;99;243;240;48;2;27;242;236m⠋[38;2;104;251;249;48;2;28;244;239m⢀[38;2;67;163;159;48;2;78;224;221m⢠[38;2;66;185;180;48;2;107;130;129m⠁[38;2;166;177;177;48;2;99;110;111m⠒[38;2;78;104;104;48;2;74;180;176m⠋[38;2;21;163;159;48;2;58;215;196m⠓[38;2;81;229;197;48;2;55;198;153m⡛[38;2;161;237;234;48;2;94;163;158m⠋[38;2;169;223;223;48;2;125;191;190m⠱[38;2;143;235;234;48;2;201;248;246m⠉[38;2;25;234;227;48;2;118;243;228m⠙[38;2;159;245;202;48;2;114;236;183m⡰[38;2;142;239;200;48;2;101;226;165m⠳[0m[38;2;142;204;176m⡄[0m                                       [0m
                                 [38;2;30;44;46m⠸[38;2;47;108;114;48;2;31;62;67m⠄[38;2;51;64;72;48;2;37;50;59m⢘[38;2;102;147;162;48;2;60;85;95m⠸[38;2;109;142;155;48;2;87;125;138m⢄[38;2;73;118;132;48;2;91;133;147m⠈[38;2;81;124;138;48;2;94;138;151m⠢[38;2;117;158;169;48;2;96;136;146m⠛[38;2;86;131;142;48;2;68;104;111m⠇[0m      [7m[38;2;56;144;145m⠃[0m[38;2;24;211;219;48;2;23;166;151m⠋[38;2;18;120;96;48;2;23;209;106m⠃[38;2;17;123;120;48;2;20;180;113m⢸[38;2;43;185;197;48;2;28;106;118m⢀[38;2;25;223;226;48;2;20;183;189m⢚[38;2;20;169;172;48;2;11;226;221m⢀[38;2;11;231;218;48;2;18;195;191m⠛[38;2;12;117;94;48;2;58;178;139m⣄[38;2;28;212;190;48;2;22;168;153m⡜[38;2;0;115;122;48;2;19;193;182m⠤[38;2;8;133;131;48;2;15;199;183m⠤[38;2;118;228;119;48;2;54;217;152m⢰[38;2;40;151;99;48;2;94;206;122m⡤[38;2;142;246;184;48;2;126;243;158m⢸[38;2;30;239;221;48;2;21;186;177m⠛[38;2;18;185;179;48;2;13;235;227m⢀[38;2;7;246;238;48;2;8;186;184m⠛[38;2;3;139;143;48;2;14;202;200m⢤[38;2;36;160;162;48;2;90;218;218m⣄[38;2;125;248;246;48;2;82;192;189m⡇[38;2;168;182;183;48;2;96;115;116m⠉[38;2;62;90;90;48;2;98;125;125m⢒[38;2;84;181;178;48;2;25;228;216m⠁[38;2;100;246;160;48;2;46;228;162m⢡[38;2;134;252;141;48;2;131;237;44m⠁[38;2;88;146;142;48;2;54;145;57m⠘[38;2;20;232;235;48;2;44;192;192m⢰[38;2;147;246;242;48;2;72;241;238m⠙[38;2;156;248;242;48;2;111;245;237m⠃[38;2;167;252;219;48;2;104;236;195m⠐[38;2;167;245;211;48;2;87;236;163m⢄[38;2;98;129;116;48;2;136;222;184m⠈[0m[38;2;96;127;125m⡀[0m                                      [0m
                                  [38;2;49;88;86m⠈[7m[38;2;25;39;41m⣄[0m[38;2;30;43;52;48;2;36;59;64m⠻[38;2;55;77;88;48;2;38;53;64m⠈[38;2;105;132;142;48;2;50;68;77m⠉[38;2;90;121;130;48;2;63;85;93m⠛[38;2;74;108;116;48;2;57;83;90m⠃[38;2;52;78;83;48;2;36;68;75m⠉[38;2;14;64;74;48;2;30;145;152m⠏[0m[7m[38;2;27;122;104m⠛[0m[38;2;103;227;155m⡀[0m   [38;2;23;121;110;48;2;29;183;146m⠎[38;2;103;247;123;48;2;44;239;136m⢠[38;2;101;241;86;48;2;24;234;69m⡀[38;2;20;196;55;48;2;17;132;67m⡇[38;2;10;69;84;48;2;28;167;177m⠃[38;2;33;213;211;48;2;12;145;152m⢨[38;2;37;219;215;48;2;10;146;151m⡅[38;2;46;227;222;48;2;20;169;162m⡇[38;2;111;224;184;48;2;45;179;150m⡄[38;2;0;107;112;48;2;15;199;186m⠘[38;2;34;229;218;48;2;16;167;163m⣉[38;2;0;119;124;48;2;19;198;186m⡄[38;2;12;150;108;48;2;94;202;122m⡇[38;2;94;222;160;48;2;29;143;113m⢈[38;2;12;132;117;48;2;70;198;160m⠶[38;2;0;123;125;48;2;11;155;152m⡇[38;2;40;239;228;48;2;13;174;170m⡇[38;2;0;131;134;48;2;21;221;214m⠁[38;2;16;251;242;48;2;21;249;240m⡗[38;2;9;152;153;48;2;13;170;168m⢹[38;2;71;247;243;48;2;44;217;212m⡇[38;2;95;118;120;48;2;63;93;95m⠉[38;2;45;72;73;48;2;61;89;90m⢒[38;2;24;229;215;48;2;16;210;185m⡟[38;2;47;222;103;48;2;66;221;45m⠇[38;2;26;218;1;48;2;116;240;9m⢀[38;2;42;163;18;48;2;122;232;23m⠘[38;2;64;149;150;48;2;70;162;72m⠙[38;2;25;217;220;48;2;64;174;130m⠙[38;2;71;239;237;48;2;64;171;165m⠛[38;2;33;240;231;48;2;39;217;212m⠟[38;2;75;239;189;48;2;14;238;221m⠉[38;2;67;227;185;48;2;15;228;209m⠉[0m[7m[38;2;67;151;150m⢸[0m                                      [0m
                                    [38;2;59;75;75m⠸[38;2;13;40;48;48;2;25;70;79m⢸[38;2;0;16;24;48;2;19;37;45m⣀[38;2;14;31;40;48;2;24;50;61m⡢[38;2;46;158;172;48;2;25;78;88m⣀[38;2;16;73;82;48;2;35;162;167m⠋[38;2;90;235;237;48;2;15;194;179m⠁[38;2;105;251;191;48;2;29;199;163m⢀[38;2;157;251;169;48;2;109;240;163m⢠[0m[7m[38;2;40;159;100m⠙[38;2;47;111;104m⠋[0m[38;2;62;155;160;48;2;41;121;125m⠏[38;2;16;229;104;48;2;22;120;104m⠈[38;2;21;233;80;48;2;29;159;89m⠛[38;2;105;243;65;48;2;50;197;48m⠓[38;2;7;84;47;48;2;9;142;33m⢸[38;2;25;225;222;48;2;19;202;199m⣧[38;2;16;154;153;48;2;7;211;192m⠃[38;2;10;134;132;48;2;12;196;177m⠚[38;2;1;117;95;48;2;49;189;145m⠘[38;2;25;214;185;48;2;45;182;152m⢸[38;2;0;120;120;48;2;10;188;172m⠒[38;2;5;118;120;48;2;11;183;170m⠚[38;2;0;99;103;48;2;14;188;166m⠁[38;2;48;148;72;48;2;93;206;110m⠃[38;2;3;128;108;48;2;92;226;152m⠃[38;2;125;248;188;48;2;72;232;194m⡇[38;2;0;115;116;48;2;6;203;194m⠃[38;2;0;129;130;48;2;6;229;219m⠈[38;2;0;143;143;48;2;10;201;196m⠳[38;2;0;155;155;48;2;14;211;206m⠶[38;2;0;140;142;48;2;11;214;212m⠋[38;2;47;238;237;48;2;16;235;232m⢀[38;2;30;197;193;48;2;33;119;111m⡄[38;2;59;75;75;48;2;48;73;69m⠃[38;2;34;195;117;48;2;30;138;82m⢹[38;2;86;243;14;48;2;26;196;20m⠘[38;2;58;226;12;48;2;27;206;9m⢡[38;2;164;247;11;48;2;133;243;7m⠘[38;2;164;248;22;48;2;138;236;8m⠋[38;2;219;251;100;48;2;174;242;48m⢀[38;2;38;126;54;48;2;141;214;75m⠙[38;2;51;229;229;48;2;72;155;99m⠈[38;2;20;223;223;48;2;66;172;123m⠋[38;2;21;212;205;48;2;74;167;100m⠉[38;2;81;96;97;48;2;108;156;119m⠘[0m[38;2;78;85;82m⡀[0m                                     [0m
                                     [38;2;64;194;193;48;2;54;117;118m⢰[38;2;90;172;191;48;2;38;125;147m⠄[38;2;35;135;161;48;2;17;96;123m⠉[38;2;10;106;129;48;2;11;120;140m⣆[38;2;26;229;204;48;2;12;157;160m⢀[38;2;14;185;169;48;2;31;216;184m⠋[38;2;105;237;166;48;2;89;240;180m⠸[38;2;150;248;175;48;2;86;238;152m⠏[38;2;59;239;131;48;2;108;243;137m⠙[38;2;209;251;129;48;2;101;229;109m⢠[38;2;16;119;87;48;2;77;223;83m⠉[38;2;34;116;98;48;2;86;193;84m⠛[38;2;129;226;95;48;2;65;130;89m⡀[38;2;50;93;74;48;2;28;79;47m⠇[38;2;4;63;15;48;2;14;88;22m⡖[38;2;151;243;160;48;2;67;225;132m⣄[38;2;18;230;110;48;2;11;221;179m⡀[38;2;7;218;185;48;2;9;217;174m⠇[38;2;55;117;70;48;2;79;190;122m⢸[38;2;37;140;120;48;2;36;176;152m⠇[38;2;10;198;178;48;2;27;201;186m⡛[38;2;110;248;247;48;2;19;202;189m⡀[38;2;75;227;223;48;2;28;193;168m⡀[38;2;134;246;114;48;2;109;234;114m⡆[38;2;102;245;142;48;2;102;244;133m⠙[38;2;101;246;179;48;2;39;239;194m⡇[38;2;0;246;228;48;2;0;250;233m⡀[38;2;7;242;231;48;2;1;249;234m⢀[38;2;35;243;197;48;2;11;239;223m⢀[38;2;15;234;229;48;2;65;237;202m⠟[38;2;219;251;218;48;2;99;240;207m⣀[38;2;46;235;197;48;2;153;243;203m⠛[38;2;227;252;219;48;2;124;230;142m⠤[38;2;44;202;56;48;2;36;116;53m⡀[38;2;21;103;24;48;2;30;71;47m⠈[38;2;3;144;9;48;2;12;99;20m⠙[38;2;45;229;17;48;2;13;196;18m⠘[38;2;82;221;4;48;2;47;206;5m⠙[38;2;171;244;13;48;2;126;233;6m⠸[38;2;212;249;79;48;2;159;232;33m⠉[38;2;204;244;82;48;2;144;176;96m⠛[38;2;193;250;75;48;2;176;200;153m⠉[38;2;118;185;97;48;2;143;217;155m⠙[38;2;97;156;109;48;2;82;212;141m⠉[38;2;51;187;107;48;2;87;220;148m⠛[0m[7m[38;2;112;185;142m⠈[0m                                     [0m
                                     [38;2;39;210;186m⠘[38;2;27;213;209;48;2;24;171;179m⢇[38;2;1;145;177;48;2;15;169;189m⣂[38;2;1;144;172;48;2;7;196;190m⣀[38;2;0;146;170;48;2;3;206;189m⣀[38;2;10;235;190;48;2;4;192;173m⠛[38;2;9;232;179;48;2;6;207;144m⠋[38;2;8;225;138;48;2;17;221;108m⠃[38;2;123;249;130;48;2;88;240;101m⠉[38;2;215;249;124;48;2;164;243;90m⠸[38;2;212;250;128;48;2;142;235;74m⠇[38;2;151;246;74;48;2;79;208;35m⠙[38;2;152;246;61;48;2;107;236;40m⠇[38;2;7;87;14;48;2;19;175;16m⠙[38;2;4;88;9;48;2;18;139;23m⠏[38;2;160;246;156;48;2;90;230;86m⣈[38;2;130;239;130;48;2;51;222;118m⡄[38;2;6;206;164;48;2;14;207;149m⡆[38;2;130;224;129;48;2;81;150;100m⡇[38;2;10;133;125;48;2;12;116;106m⢸[38;2;5;171;162;48;2;8;150;146m⠈[38;2;89;230;230;48;2;45;194;194m⡇[38;2;6;140;105;48;2;19;159;142m⢸[38;2;23;141;72;48;2;113;222;100m⡀[38;2;120;243;112;48;2;118;239;100m⠾[38;2;15;235;209;48;2;46;233;167m⢸[38;2;0;196;184;48;2;9;228;214m⠂[38;2;102;249;109;48;2;28;235;185m⢀[38;2;56;244;172;48;2;146;243;142m⠃[38;2;233;251;219;48;2;187;243;164m⠊[38;2;226;250;212;48;2;166;243;143m⠉[38;2;207;247;192;48;2;158;241;142m⢠[38;2;191;242;181;48;2;135;240;129m⠖[38;2;11;123;23;48;2;81;231;89m⠈[38;2;17;75;32;48;2;25;147;46m⠻[38;2;2;31;6;48;2;10;55;21m⢸[38;2;4;66;11;48;2;13;137;20m⣀[38;2;24;202;15;48;2;19;120;26m⠛[38;2;56;203;22;48;2;37;84;44m⠉[38;2;65;136;37;48;2;58;76;68m⠁[38;2;104;120;126;48;2;59;75;71m⠘[38;2;138;156;153;48;2;118;136;134m⢹[38;2;187;237;186;48;2;160;192;157m⠛[38;2;108;156;53;48;2;132;196;134m⣀[38;2;88;222;136;48;2;78;126;97m⠉[38;2;153;213;114;48;2;104;152;97m⢨[0m                                     [0m
                                      [38;2;60;132;125m⠘[7m[38;2;32;156;155m⡀[0m[38;2;2;143;179;48;2;6;176;189m⠙[38;2;8;161;180;48;2;3;147;172m⡀[38;2;0;145;158;48;2;3;167;146m⡇[38;2;7;213;125;48;2;4;204;115m⠏[38;2;9;219;99;48;2;12;227;81m⠃[38;2;72;225;19;48;2;61;236;53m⢰[38;2;163;247;44;48;2;145;245;37m⡏[38;2;155;243;38;48;2;93;235;21m⠃[38;2;154;242;39;48;2;112;226;28m⢠[38;2;117;242;38;48;2;60;210;16m⡌[38;2;37;207;8;48;2;12;167;10m⠇[38;2;22;182;29;48;2;7;147;15m⢸[38;2;40;128;66;48;2;24;184;27m⡄[38;2;54;219;51;48;2;104;231;91m⡜[38;2;19;194;119;48;2;49;200;59m⠛[38;2;44;85;55;48;2;72;121;80m⣴[38;2;10;126;124;48;2;9;107;102m⢸[38;2;8;142;144;48;2;19;154;157m⡏[38;2;80;226;228;48;2;55;203;205m⢠[38;2;7;131;130;48;2;10;144;145m⢸[38;2;13;104;85;48;2;12;112;105m⢸[38;2;121;229;76;48;2;83;146;75m⠉[38;2;11;221;201;48;2;89;229;104m⠘[38;2;12;231;203;48;2;83;236;132m⠋[38;2;111;242;103;48;2;172;243;143m⠋[38;2;213;248;186;48;2;164;245;110m⠋[38;2;229;252;209;48;2;159;240;106m⠉[38;2;225;251;203;48;2;144;216;107m⠉[38;2;202;246;179;48;2;134;241;98m⠁[38;2;99;240;100;48;2;135;238;138m⠉[38;2;81;241;98;48;2;132;237;157m⠉[38;2;48;244;87;48;2;107;236;155m⠉[38;2;93;234;159;48;2;29;172;72m⡄[38;2;5;65;12;48;2;20;109;38m⠻[38;2;16;196;23;48;2;19;106;30m⢀[38;2;25;60;39;48;2;16;143;20m⠛[38;2;36;94;42;48;2;78;196;16m⠋[38;2;88;157;49;48;2;160;232;21m⠉[38;2;51;95;36;48;2;178;229;43m⠉[38;2;142;206;39;48;2;185;237;64m⠥[38;2;122;218;5;48;2;181;240;59m⠒[38;2;78;108;82;48;2;114;167;69m⠹[38;2;112;160;73;48;2;98;123;106m⠈[0m[7m[38;2;135;160;94m⠘[0m[38;2;102;109;81m⡀[0m                                   [0m
                                        [38;2;17;182;177m⠙[7m[38;2;27;144;142m⡀[0m[38;2;70;177;163;48;2;20;169;148m⡀[38;2;9;151;112;48;2;9;182;118m⣀[38;2;11;220;71;48;2;7;185;79m⠛[38;2;33;228;35;48;2;13;197;51m⠛[38;2;135;251;33;48;2;17;206;38m⠁[38;2;51;238;35;48;2;24;222;36m⠛[38;2;112;241;27;48;2;57;219;35m⠛[38;2;17;189;5;48;2;19;192;36m⠟[38;2;4;154;23;48;2;8;149;51m⠏[38;2;8;66;24;48;2;21;107;47m⢰[38;2;14;90;24;48;2;22;189;15m⠃[38;2;72;222;44;48;2;102;228;72m⢃[38;2;73;226;11;48;2;97;215;30m⡇[38;2;35;84;61;48;2;55;120;92m⡿[38;2;8;100;95;48;2;8;119;116m⠇[38;2;9;139;144;48;2;28;164;168m⡇[38;2;90;235;235;48;2;48;195;195m⢸[38;2;9;133;139;48;2;9;144;151m⠸[38;2;15;100;100;48;2;12;122;123m⠘[38;2;78;121;40;48;2;100;147;104m⢸[38;2;145;225;23;48;2;161;239;32m⡇[38;2;131;237;46;48;2;140;236;70m⡄[38;2;219;249;180;48;2;186;242;131m⡇[38;2;212;243;167;48;2;175;244;97m⡀[38;2;86;130;57;48;2;156;224;66m⠘[38;2;176;212;136;48;2;109;137;97m⡁[38;2;137;232;87;48;2;107;155;97m⠙[38;2;147;240;130;48;2;131;233;80m⠉[38;2;139;240;157;48;2;114;244;82m⠉[38;2;91;233;149;48;2;45;241;87m⠉[38;2;1;169;57;48;2;11;213;86m⠸[38;2;227;244;235;48;2;104;188;134m⢰[38;2;45;186;46;48;2;149;222;149m⢙[38;2;18;217;7;48;2;12;195;6m⠟[38;2;124;239;12;48;2;31;176;5m⠉[38;2;158;246;13;48;2;53;195;10m⠉[38;2;154;247;40;48;2;78;208;19m⣉[38;2;17;184;0;48;2;132;232;40m⠒[38;2;56;210;1;48;2;154;237;54m⠒[38;2;208;251;96;48;2;152;226;63m⠕[38;2;51;101;32;48;2;75;109;76m⡇[38;2;135;191;74;48;2;94;132;75m⢸[38;2;165;220;77;48;2;88;115;50m⡇[0m                                   [0m
                                          [38;2;67;131;124m⠙[7m[38;2;56;118;94m⣀[0m[38;2;89;174;118;48;2;53;142;96m⢄[38;2;15;159;90;48;2;42;156;103m⠛[38;2;7;189;81;48;2;25;162;101m⠙[38;2;6;192;71;48;2;12;161;90m⠋[38;2;3;170;85;48;2;13;141;89m⠋[38;2;10;150;95;48;2;21;99;71m⠟[0m[38;2;49;123;94m⠋[38;2;44;102;54;48;2;64;156;86m⡎[38;2;11;209;7;48;2;80;219;99m⠉[38;2;135;237;117;48;2;84;214;59m⡇[38;2;144;213;69;48;2;89;191;26m⢸[38;2;97;172;154;48;2;40;119;103m⠎[38;2;81;230;219;48;2;29;177;163m⡆[38;2;4;144;147;48;2;31;176;178m⡇[38;2;86;235;235;48;2;35;186;186m⢸[38;2;4;149;146;48;2;6;148;154m⢀[38;2;12;154;149;48;2;40;191;182m⢋[38;2;56;103;59;48;2;91;151;112m⣼[38;2;154;226;28;48;2;161;236;32m⠇[38;2;141;234;43;48;2;148;235;64m⡇[38;2;222;249;178;48;2;197;241;141m⡇[38;2;188;236;124;48;2;201;243;142m⠲[38;2;179;246;67;48;2;188;244;100m⠛[38;2;132;183;69;48;2;177;241;75m⠈[38;2;159;241;56;48;2;106;156;71m⡄[38;2;133;238;70;48;2;74;111;78m⠈[38;2;45;109;36;48;2;109;221;41m⡀[38;2;118;248;44;48;2;99;245;40m⠷[38;2;64;243;62;48;2;38;228;81m⡆[38;2;63;175;101;48;2;166;216;183m⡇[38;2;76;157;75;48;2;227;238;227m⠈[38;2;6;134;9;48;2;92;172;93m⠻[38;2;58;220;20;48;2;20;173;8m⢈[38;2;111;233;14;48;2;61;205;10m⣠[38;2;57;204;4;48;2;123;230;23m⠉[38;2;123;165;93;48;2;155;220;62m⣀[38;2;147;199;75;48;2;168;205;145m⠝[38;2;115;167;129;48;2;171;220;208m⠑[38;2;75;141;136;48;2;90;212;195m⠛[38;2;98;149;100;48;2;50;189;153m⠛[38;2;154;221;92;48;2;80;141;115m⠃[0m                                   [0m
                                             [38;2;83;125;95m⠉[38;2;67;141;102m⠉[38;2;57;107;83m⠉[38;2;50;63;57m⠁[38;2;66;95;100m⢠[7m[38;2;34;49;52m⢉[0m[38;2;119;182;143;48;2;41;87;62m⠊[38;2;148;242;169;48;2;52;184;63m⠉[38;2;154;241;134;48;2;78;201;54m⡇[38;2;58;108;34;48;2;87;170;38m⢠[38;2;0;82;73;48;2;27;85;78m⢸[38;2;93;228;220;48;2;36;166;158m⡇[38;2;77;213;216;48;2;31;162;165m⢸[38;2;81;219;223;48;2;36;178;181m⢸[38;2;6;144;148;48;2;8;138;142m⠿[38;2;21;160;156;48;2;40;188;184m⢸[38;2;17;84;82;48;2;69;118;87m⡇[38;2;170;242;53;48;2;155;234;32m⡇[38;2;139;230;22;48;2;143;235;40m⣇[38;2;217;251;159;48;2;167;238;80m⡇[38;2;167;234;71;48;2;145;235;16m⠉[38;2;170;239;53;48;2;111;230;15m⠋[38;2;147;236;46;48;2;76;192;20m⠋[38;2;109;234;16;48;2;67;182;33m⠛[38;2;76;193;50;48;2;60;110;63m⠆[38;2;46;214;50;48;2;55;120;71m⠘[38;2;15;208;29;48;2;26;121;48m⠋[38;2;175;221;197;48;2;49;114;77m⠐[38;2;233;244;240;48;2;104;131;121m⠛[38;2;57;79;72;48;2;200;208;205m⡄[38;2;56;137;54;48;2;172;206;171m⢸[38;2;23;187;9;48;2;16;98;23m⠋[38;2;31;154;19;48;2;34;75;47m⠉[38;2;44;108;34;48;2;53;78;69m⠉[38;2;130;153;155;48;2;97;119;119m⢸[38;2;184;245;239;48;2;145;195;191m⢸[38;2;193;233;227;48;2;196;246;236m⠄[38;2;171;251;240;48;2;89;239;207m⡏[38;2;91;242;223;48;2;24;237;188m⠑[38;2;99;238;220;48;2;69;217;195m⣤[0m                                   [0m
                                                 [38;2;32;48;58;48;2;57;73;81m⢠[38;2;58;65;76;48;2;56;64;73m⢰[38;2;7;14;20;48;2;32;40;47m⢰[38;2;38;62;59;48;2;24;41;43m⢸[38;2;43;92;64;48;2;49;68;70m⠉[38;2;37;84;30;48;2;36;52;51m⠉[38;2;15;41;46;48;2;31;50;55m⢨[38;2;69;114;118;48;2;64;78;86m⠉[38;2;76;111;118;48;2;60;74;83m⠊[38;2;43;111;121;48;2;57;74;83m⠉[38;2;78;101;109;48;2;61;79;88m⡎[38;2;88;122;127;48;2;54;87;92m⡇[38;2;111;137;106;48;2;50;70;68m⠈[38;2;149;233;44;48;2;64;96;53m⠉[38;2;101;203;38;48;2;98;132;101m⠉[38;2;147;218;111;48;2;103;137;104m⠋[38;2;125;232;21;48;2;82;120;71m⠉[38;2;43;207;29;48;2;50;93;57m⠉[38;2;3;34;13;48;2;14;37;33m⠉[38;2;32;47;50;48;2;64;76;79m⡆[38;2;107;115;118;48;2;82;90;96m⠉[38;2;153;160;163;48;2;83;91;96m⡀[38;2;26;37;42;48;2;58;68;74m⢸[38;2;58;76;75;48;2;35;51;54m⠘[38;2;86;125;110;48;2;44;84;70m⢠[38;2;191;201;199;48;2;64;98;87m⠘[38;2;69;85;74;48;2;191;202;195m⠸[38;2;10;53;23;48;2;18;127;46m⠟[38;2;29;90;51;48;2;43;197;70m⠋[38;2;17;83;41;48;2;66;221;109m⠉[38;2;104;133;133;48;2;41;158;122m⠙[38;2;173;246;240;48;2;140;171;173m⠈[38;2;130;184;185;48;2;173;233;227m⠄[38;2;129;241;222;48;2;59;236;206m⠃[38;2;44;238;203;48;2;22;234;193m⠒[38;2;114;240;226;48;2;45;216;185m⣀[0m                                   [0m
                                                 [38;2;33;47;56;48;2;52;68;77m⢦[38;2;56;65;72;48;2;53;61;70m⠙[38;2;21;113;54;48;2;21;53;39m⢠[38;2;32;53;56;48;2;43;126;68m⠛[38;2;36;63;56;48;2;59;121;57m⠿[38;2;125;197;79;48;2;37;60;42m⡀[38;2;22;33;37;48;2;28;55;33m⠿[38;2;60;71;78;48;2;56;73;67m⢿[38;2;29;47;40;48;2;55;70;70m⡀[38;2;32;48;45;48;2;56;71;72m⢀[38;2;81;91;99;48;2;53;63;68m⠇[38;2;88;98;101;48;2;44;61;52m⡇[38;2;36;61;29;48;2;52;66;58m⣀[38;2;55;70;68;48;2;64;91;60m⠿[38;2;91;113;107;48;2;71;115;81m⠿[38;2;66;103;72;48;2;90;127;98m⣸[38;2;118;188;94;48;2;83;112;81m⣀[38;2;75;199;105;48;2;63;108;79m⣀[38;2;5;27;23;48;2;17;57;44m⠇[38;2;77;89;93;48;2;39;57;59m⢈[38;2;23;31;39;48;2;64;72;78m⠄[38;2;51;59;65;48;2;72;81;87m⠦[38;2;83;93;99;48;2;57;69;75m⡂[38;2;59;73;79;48;2;32;51;56m⠸[38;2;15;36;39;48;2;42;66;67m⢂[38;2;155;166;167;48;2;69;91;90m⠰[38;2;100;151;121;48;2;206;224;217m⠘[38;2;7;170;46;48;2;9;151;77m⠙[38;2;83;234;76;48;2;23;182;98m⠙[38;2;86;242;119;48;2;53;231;163m⠛[38;2;134;249;211;48;2;70;194;170m⠆[38;2;171;187;189;48;2;144;167;171m⠸[38;2;160;244;241;48;2;136;218;215m⢹[38;2;96;243;226;48;2;49;235;207m⢀[38;2;103;241;227;48;2;41;233;200m⡀[38;2;130;250;245;48;2;89;192;182m⡇[0m                                   [0m
                                                 [38;2;61;77;86;48;2;37;45;49m⠻[38;2;109;116;117;48;2;58;78;82m⡀[38;2;10;60;51;48;2;41;148;111m⠇[38;2;155;244;159;48;2;71;206;122m⠸[38;2;54;200;33;48;2;81;205;35m⡆[38;2;128;190;70;48;2;67;112;51m⠁[38;2;31;103;7;48;2;48;141;6m⠋[38;2;52;134;9;48;2;75;175;6m⠛[38;2;49;119;25;48;2;65;154;13m⠉[38;2;56;138;13;48;2;99;188;10m⠛[38;2;34;105;11;48;2;91;182;14m⠙[38;2;52;121;13;48;2;110;192;12m⠉[38;2;86;110;80;48;2;70;119;34m⠸[38;2;86;116;49;48;2;137;191;61m⡇[38;2;95;216;32;48;2;158;241;44m⠉[38;2;208;251;208;48;2;148;237;149m⢀[38;2;197;245;172;48;2;174;243;155m⣠[38;2;83;234;178;48;2;136;241;172m⢠[38;2;9;68;50;48;2;22;132;92m⢸[38;2;62;78;80;48;2;30;64;59m⠘[38;2;76;87;93;48;2;62;79;84m⠷[38;2;36;63;66;48;2;59;77;82m⣀[38;2;20;61;65;48;2;55;81;86m⣀[38;2;16;38;43;48;2;15;51;55m⠸[38;2;139;152;152;48;2;44;72;75m⢀[38;2;105;112;112;48;2;47;63;64m⠠[38;2;240;243;243;48;2;201;211;210m⠻[38;2;36;167;142;48;2;30;201;181m⡏[38;2;3;185;158;48;2;3;233;209m⠁[38;2;0;203;193;48;2;3;233;212m⠉[38;2;10;109;119;48;2;23;184;183m⢸[38;2;194;213;218;48;2;147;169;176m⠤[38;2;88;183;181;48;2;87;228;222m⠇[38;2;63;231;212;48;2;27;235;212m⠠[38;2;78;245;226;48;2;40;235;207m⡁[38;2;107;242;231;48;2;79;160;153m⡇[0m                                   [0m
                                                  [38;2;103;210;216;48;2;75;137;144m⠸[38;2;84;212;189;48;2;36;196;205m⠃[38;2;39;204;203;48;2;39;200;147m⡇[38;2;137;218;87;48;2;88;201;60m⢰[38;2;81;124;93;48;2;42;106;36m⡄[38;2;92;203;14;48;2;49;174;6m⠲[38;2;111;230;24;48;2;73;204;8m⢄[38;2;66;165;22;48;2;84;198;23m⢸[38;2;141;230;16;48;2;130;223;13m⠟[38;2;97;197;19;48;2;124;218;17m⢸[38;2;135;222;16;48;2;120;207;14m⠇[38;2;53;94;29;48;2;69;129;17m⠘[38;2;167;230;87;48;2;116;156;86m⠸[38;2;137;228;47;48;2;160;240;54m⡄[38;2;69;245;210;48;2;92;236;161m⢰[38;2;172;245;169;48;2;72;237;195m⠙[38;2;59;238;205;48;2;137;243;181m⡀[38;2;0;92;71;48;2;124;226;181m⠈[38;2;13;102;93;48;2;92;187;151m⠛[38;2;9;103;97;48;2;45;188;156m⠛[38;2;3;77;78;48;2;7;188;180m⠉[38;2;43;191;197;48;2;9;218;221m⠉[38;2;1;121;133;48;2;8;189;196m⢉[38;2;37;181;185;48;2;55;130;133m⡆[0m [38;2;78;140;128m⠘[38;2;3;179;158;48;2;15;135;117m⠛[38;2;5;217;200;48;2;4;132;133m⠉[38;2;12;228;214;48;2;10;152;164m⠉[38;2;11;88;100;48;2;37;172;179m⠘[38;2;212;240;243;48;2;98;150;162m⣀[38;2;21;225;221;48;2;52;166;178m⠛[38;2;26;92;114;48;2;15;181;187m⣀[38;2;7;133;158;48;2;9;202;204m⡀[38;2;56;210;205;48;2;40;108;106m⡇[0m                                   [0m
                                                  [38;2;51;198;222;48;2;61;157;172m⢸[38;2;15;142;176;48;2;19;153;189m⢩[38;2;36;207;110;48;2;17;180;143m⠘[38;2;51;102;54;48;2;72;174;86m⢰[38;2;59;194;27;48;2;48;154;43m⢰[38;2;23;185;13;48;2;67;210;27m⠛[38;2;24;197;17;48;2;51;211;30m⠛[38;2;20;144;12;48;2;40;187;36m⢸[38;2;55;186;27;48;2;98;215;33m⡄[38;2;123;228;32;48;2;102;216;31m⠷[38;2;127;227;26;48;2;108;213;30m⠇[38;2;64;123;14;48;2;72;143;13m⢸[38;2;63;98;53;48;2;90;127;78m⣴[38;2;125;228;44;48;2;97;223;96m⠛[38;2;95;233;110;48;2;66;224;160m⠇[38;2;37;189;191;48;2;26;220;218m⡤[38;2;62;223;226;48;2;25;215;221m⠬[38;2;120;249;221;48;2;36;209;216m⠉[38;2;104;241;218;48;2;30;206;215m⠉[38;2;29;185;208;48;2;16;208;219m⠒[38;2;8;169;193;48;2;8;201;219m⠈[38;2;2;159;190;48;2;6;204;227m⠁[38;2;3;202;225;48;2;7;196;220m⡆[38;2;15;171;194;48;2;43;143;160m⡇[0m  [38;2;19;106;93;48;2;27;59;53m⠸[38;2;4;30;28;48;2;13;100;101m⣀[38;2;10;26;33;48;2;23;117;129m⣀[38;2;8;24;33;48;2;49;151;156m⣀[38;2;168;225;229;48;2;96;144;151m⠿[38;2;145;164;173;48;2;79;132;145m⠃[38;2;68;181;198;48;2;79;120;134m⡀[38;2;81;116;128;48;2;53;75;83m⡞[0m[38;2;49;76;80m⠁[0m                                   [0m
                                                 [38;2;53;77;48m⢀[7m[38;2;50;93;62m⠆[0m[38;2;22;156;189;48;2;75;167;129m⠉[38;2;191;249;184;48;2;69;199;115m⢠[38;2;82;207;105;48;2;45;165;54m⠃[38;2;10;151;59;48;2;43;190;46m⠙[38;2;67;214;61;48;2;26;176;83m⡈[38;2;76;220;57;48;2;23;171;90m⠙[38;2;51;209;65;48;2;19;178;92m⠃[38;2;56;199;53;48;2;29;182;80m⠙[38;2;78;213;64;48;2;41;197;83m⠛[38;2;68;200;49;48;2;37;182;67m⠛[38;2;60;138;33;48;2;41;141;45m⠻[38;2;119;138;136;48;2;91;114;105m⢘[38;2;67;219;173;48;2;48;176;128m⠻[38;2;11;157;83;48;2;52;209;157m⣀[38;2;28;158;62;48;2;29;200;168m⣀[38;2;28;169;29;48;2;44;209;181m⢀[38;2;20;222;229;48;2;40;195;126m⠛[38;2;31;227;231;48;2;63;201;116m⠛[38;2;21;220;220;48;2;59;203;101m⠛[38;2;11;212;211;48;2;39;199;83m⠋[38;2;17;208;216;48;2;39;187;69m⠉[38;2;210;241;217;48;2;104;191;109m⠰[0m[7m[38;2;97;148;94m⠸[0m [7m[38;2;29;41;38m⠏[0m[38;2;37;60;58;48;2;46;69;71m⠛[38;2;39;65;67;48;2;60;79;85m⠋[38;2;55;72;79;48;2;87;101;108m⡋[38;2;50;222;208;48;2;88;155;155m⢠[38;2;64;94;100;48;2;41;194;168m⠙[38;2;38;66;76;48;2;28;156;130m⠛[38;2;17;55;69;48;2;43;123;119m⠓[0m[38;2;53;121;135m⠁[0m                                    [0m
                                                 [38;2;36;107;22;48;2;55;144;30m⡝[38;2;3;59;0;48;2;47;146;27m⠂[38;2;35;126;29;48;2;53;163;30m⠇[38;2;103;204;65;48;2;148;229;123m⡇[38;2;10;189;90;48;2;47;211;69m⣀[38;2;82;224;48;48;2;44;197;80m⠛[38;2;15;157;96;48;2;69;199;78m⣤[38;2;15;153;102;48;2;52;187;99m⣬[38;2;2;140;117;48;2;17;157;118m⣹[38;2;5;140;121;48;2;4;123;115m⠏[38;2;7;149;114;48;2;5;113;102m⠛[38;2;8;154;102;48;2;6;124;104m⠛[38;2;14;151;73;48;2;8;144;105m⠙[38;2;100;116;117;48;2;48;136;101m⠘[38;2;27;137;35;48;2;47;162;56m⠙[38;2;22;148;21;48;2;71;196;36m⠋[38;2;60;191;30;48;2;120;225;56m⠋[38;2;140;224;71;48;2;199;241;158m⠘[38;2;165;240;47;48;2;198;245;64m⠁[38;2;70;165;16;48;2;158;226;49m⢰[38;2;26;105;6;48;2;74;177;29m⠢[38;2;30;125;4;48;2;150;221;41m⡀[38;2;184;248;38;48;2;178;246;31m⠏[38;2;184;251;41;48;2;150;243;19m⠁[38;2;27;192;50;48;2;59;210;38m⢸[38;2;31;70;52;48;2;49;112;62m⢰[38;2;53;69;75;48;2;41;64;66m⢰[38;2;59;75;81;48;2;41;57;64m⠛[38;2;68;85;92;48;2;53;69;77m⢹[38;2;133;141;145;48;2;117;127;132m⢸[38;2;45;184;178;48;2;90;123;128m⠈[38;2;33;103;107;48;2;27;190;172m⣀[38;2;3;227;179;48;2;15;200;169m⠿[38;2;16;215;179;48;2;37;159;139m⡇[0m                                     [0m
                                                 [38;2;40;131;22;48;2;77;178;33m⠇[38;2;66;190;39;48;2;50;173;27m⣶[38;2;45;204;38;48;2;42;175;37m⢸[38;2;94;220;110;48;2;134;232;131m⢠[38;2;40;217;75;48;2;15;211;86m⠉[38;2;23;217;88;48;2;45;222;86m⡆[38;2;115;235;86;48;2;84;226;94m⠸[38;2;123;236;91;48;2;60;200;113m⠛[38;2;106;231;105;48;2;27;173;119m⠁[38;2;20;176;112;48;2;8;127;98m⡄[38;2;3;86;87;48;2;1;73;76m⡁[38;2;3;54;61;48;2;3;57;68m⠏[38;2;9;123;116;48;2;8;91;98m⠹[38;2;39;189;102;48;2;12;141;107m⠠[38;2;4;148;102;48;2;32;189;107m⠛[38;2;65;218;83;48;2;27;197;102m⡉[38;2;112;236;71;48;2;65;217;83m⠻[38;2;223;251;199;48;2;155;241;130m⠸[38;2;212;248;171;48;2;187;243;76m⡀[38;2;86;177;14;48;2;162;232;29m⠘[38;2;116;228;55;48;2;67;199;29m⠆[38;2;142;224;45;48;2;64;183;29m⠘[38;2;141;224;10;48;2;156;239;24m⢄[38;2;45;127;50;48;2;114;205;37m⠰[38;2;79;208;36;48;2;41;158;35m⡁[38;2;30;106;45;48;2;37;70;58m⠃[38;2;38;50;53;48;2;52;65;71m⢰[38;2;80;83;83;48;2;44;50;52m⢤[38;2;48;65;73;48;2;35;51;57m⢈[38;2;51;195;187;48;2;53;117;118m⢰[38;2;49;112;112;48;2;48;168;161m⢹[38;2;37;225;203;48;2;46;136;134m⢠[38;2;45;224;204;48;2;44;118;118m⢀[38;2;21;164;144;48;2;48;104;102m⡀[0m                                     [0m
                                                 [38;2;84;216;37;48;2;82;173;47m⢸[38;2;41;194;44;48;2;30;151;38m⡏[38;2;46;161;47;48;2;29;62;46m⠈[38;2;107;218;121;48;2;60;98;78m⠉[38;2;13;194;110;48;2;50;117;95m⠙[38;2;24;205;139;48;2;34;136;107m⠻[38;2;46;102;91;48;2;21;177;143m⣀[38;2;15;221;155;48;2;26;191;140m⠿[38;2;24;218;141;48;2;20;183;142m⠏[38;2;8;153;158;48;2;7;132;131m⡄[38;2;3;99;114;48;2;4;83;96m⡆[38;2;10;77;92;48;2;7;68;85m⣆[38;2;138;160;164;48;2;40;72;84m⠐[38;2;26;55;55;48;2;13;109;108m⡄[38;2;50;221;115;48;2;10;147;124m⠈[38;2;34;223;122;48;2;24;183;121m⠻[38;2;63;115;97;48;2;37;191;115m⣀[38;2;76;232;119;48;2;72;168;108m⠛[38;2;225;252;210;48;2;126;170;105m⠃[38;2;176;237;49;48;2;106;135;68m⠋[38;2;118;201;74;48;2;73;136;45m⢰[38;2;98;211;66;48;2;51;197;36m⠈[38;2;61;143;20;48;2;131;218;25m⠁[38;2;127;228;19;48;2;72;175;15m⡆[38;2;10;123;30;48;2;24;108;41m⡇[38;2;44;58;64;48;2;36;52;56m⢸[38;2;106;109;109;48;2;69;77;80m⠰[0m[7m[38;2;61;63;63m⠇[0m[38;2;50;60;69;48;2;38;52;55m⢸[38;2;49;85;94;48;2;47;59;68m⠈[38;2;12;29;40;48;2;35;53;62m⠂[38;2;48;178;170;48;2;34;65;72m⠉[38;2;39;211;193;48;2;35;74;77m⠈[0m[38;2;37;85;83m⠇[0m                                     [0m
                                                 [38;2;44;213;47;48;2;50;167;48m⢸[38;2;47;164;53;48;2;16;168;39m⢸[38;2;29;69;44;48;2;47;151;41m⠙[38;2;183;247;169;48;2;78;141;95m⡄[38;2;26;175;119;48;2;54;113;97m⣀[38;2;47;59;61;48;2;33;91;81m⠿[38;2;52;60;63;48;2;40;74;72m⠿[38;2;53;62;65;48;2;46;67;69m⠷[38;2;43;71;75;48;2;43;60;65m⡉[38;2;22;67;72;48;2;28;44;49m⠁[38;2;2;29;38;48;2;15;27;32m⠉[38;2;13;28;35;48;2;22;36;43m⡇[0m[7m[38;2;28;33;36m⢸[0m[38;2;24;101;100;48;2;21;31;32m⠈[38;2;14;88;88;48;2;20;44;48m⠉[38;2;10;46;44;48;2;23;42;45m⠉[38;2;89;103;103;48;2;49;65;66m⢡[38;2;31;54;51;48;2;63;88;83m⡀[38;2;116;155;121;48;2;83;126;95m⢘[38;2;64;82;65;48;2;116;154;73m⠟[38;2;55;84;41;48;2;113;168;39m⠛[38;2;96;223;61;48;2;46;212;50m⡄[38;2;52;192;19;48;2;129;231;35m⡄[38;2;42;175;21;48;2;96;214;23m⢸[38;2;19;111;38;48;2;17;151;54m⠉[38;2;5;43;19;48;2;71;155;69m⠁[38;2;164;170;165;48;2;101;108;103m⡰[38;2;105;112;108;48;2;30;48;41m⠉[38;2;56;65;75;48;2;40;53;60m⠘[38;2;25;37;46;48;2;38;52;60m⡘[38;2;94;97;98;48;2;43;53;60m⢀[0m[7m[38;2;36;43;49m⣀[0m[38;2;43;48;51m⠋[0m                                      [0m
                                                 [38;2;44;139;55m⠙[38;2;58;166;70;48;2;36;83;42m⠻[38;2;74;184;57;48;2;93;163;94m⠙[38;2;167;238;152;48;2;112;208;84m⠙[38;2;186;251;180;48;2;82;227;131m⢄[38;2;53;228;137;48;2;18;223;155m⡀[38;2;22;213;171;48;2;5;232;177m⠉[38;2;27;195;167;48;2;7;233;189m⠉[38;2;20;140;131;48;2;11;204;183m⠉[38;2;7;86;89;48;2;9;161;164m⠉[38;2;5;53;57;48;2;12;120;130m⠉[38;2;16;56;63;48;2;42;99;110m⠁[0m  [38;2;21;128;127;48;2;18;55;56m⠰[38;2;9;54;57;48;2;7;137;133m⠉[38;2;15;88;78;48;2;6;162;138m⠉[38;2;18;133;92;48;2;26;204;125m⠉[38;2;67;229;113;48;2;148;238;141m⠇[38;2;215;245;174;48;2;182;241;71m⠃[38;2;194;242;42;48;2;177;237;36m⣅[38;2;28;137;3;48;2;61;190;33m⢄[38;2;115;232;29;48;2;45;180;31m⠘[38;2;94;236;37;48;2;40;175;47m⠃[38;2;15;171;73;48;2;50;140;73m⠋[0m[38;2;67;136;73m⠋[38;2;85;96;89;48;2;39;54;49m⠂[0m[7m[38;2;34;45;48m⢀[0m[38;2;47;56;59m⠟[38;2;43;52;55m⠉[0m                                         [0m
                                                   [38;2;140;186;158;48;2;92;152;102m⠃[38;2;94;190;59;48;2;65;168;59m⠲[38;2;117;225;70;48;2;78;208;58m⠸[38;2;196;249;198;48;2;134;234;113m⠑[38;2;11;237;173;48;2;111;238;160m⠙[38;2;62;228;128;48;2;19;234;170m⡀[38;2;1;183;167;48;2;4;213;176m⠉[38;2;6;174;169;48;2;8;191;176m⠴[38;2;7;130;136;48;2;11;148;147m⠛[38;2;62;149;160;48;2;53;100;105m⡇[0m   [38;2;25;100;84;48;2;11;138;115m⡄[38;2;127;222;136;48;2;33;197;131m⢀[38;2;204;248;190;48;2;130;231;128m⡔[38;2;188;244;150;48;2;110;228;43m⠁[38;2;169;237;22;48;2;124;224;37m⠛[38;2;203;243;51;48;2;137;224;53m⠛[38;2;192;242;51;48;2;126;219;52m⠓[38;2;183;241;61;48;2;121;216;46m⠦[38;2;70;181;50;48;2;113;209;39m⠙[38;2;135;210;57;48;2;98;171;72m⣀[0m[38;2;115;140;78m⡀[0m                                             [0m
                                                  [38;2;82;113;105m⢸[38;2;35;89;80;48;2;84;180;130m⠛[38;2;31;89;69;48;2;80;169;106m⠛[38;2;98;231;96;48;2;51;140;73m⣀[38;2;41;205;58;48;2;53;126;75m⠉[38;2;116;233;81;48;2;58;161;59m⠙[38;2;193;246;168;48;2;97;225;86m⠑[38;2;188;244;173;48;2;98;234;114m⠢[38;2;172;242;177;48;2;68;221;124m⠤[38;2;7;169;141;48;2;12;179;125m⠹[38;2;29;144;129;48;2;30;86;78m⡇[0m   [38;2;54;178;96;48;2;36;89;54m⢸[38;2;180;243;173;48;2;90;209;95m⠎[38;2;23;99;39;48;2;44;176;49m⢠[38;2;62;210;48;48;2;39;131;48m⠛[38;2;38;116;53;48;2;65;159;66m⡶[38;2;128;217;126;48;2;87;152;83m⣀[38;2;66;131;64;48;2;137;181;132m⠭[38;2;187;251;185;48;2;85;156;100m⡀[38;2;59;206;37;48;2;46;140;55m⠛[38;2;62;201;37;48;2;55;168;46m⠿[0m[7m[38;2;47;73;42m⢸[0m                                             [0m
                                                  [38;2;73;189;160m⢸[38;2;165;237;154;48;2;35;213;94m⠈[38;2;210;251;196;48;2;66;223;83m⠉[38;2;99;221;81;48;2;82;226;102m⠟[38;2;18;89;50;48;2;63;224;139m⠈[38;2;53;222;176;48;2;37;130;103m⡄[38;2;73;234;72;48;2;39;105;67m⠈[38;2;36;201;61;48;2;38;110;63m⠛[38;2;22;183;62;48;2;27;92;59m⠋[38;2;26;173;100;48;2;35;78;66m⠉[0m[38;2;87;90;92m⡄[0m   [38;2;43;75;50m⠘[38;2;34;164;66;48;2;37;107;58m⠻[38;2;25;128;84;48;2;20;88;64m⢁[38;2;16;103;51;48;2;50;208;105m⠁[38;2;233;252;206;48;2;140;239;111m⠐[38;2;211;244;186;48;2;168;240;134m⠛[38;2;216;249;192;48;2;181;244;158m⠙[38;2;157;246;167;48;2;97;236;152m⡇[38;2;32;94;79;48;2;41;213;176m⠈[38;2;57;91;87;48;2;49;117;105m⠹[0m[7m[38;2;67;78;80m⠘[0m                                             [0m
                                                  [38;2;41;127;125m⠸[38;2;5;177;137;48;2;10;174;176m⠙[38;2;9;202;109;48;2;5;178;161m⠉[38;2;24;230;142;48;2;7;220;207m⠁[38;2;7;239;225;48;2;49;238;229m⡇[38;2;6;122;97;48;2;69;190;176m⢸[38;2;24;59;57;48;2;29;79;72m⢸[38;2;28;50;54;48;2;40;61;65m⠉[38;2;49;69;73;48;2;37;58;60m⠆[38;2;35;125;70;48;2;41;75;63m⢀[0m[38;2;69;89;82m⡇[0m    [38;2;45;53;52m⠸[38;2;25;153;139;48;2;24;93;89m⠘[38;2;85;226;219;48;2;31;201;180m⡆[38;2;76;234;99;48;2;24;209;149m⠙[38;2;97;240;115;48;2;38;232;160m⠛[38;2;118;241;129;48;2;29;230;172m⠉[38;2;106;251;158;48;2;14;235;198m⠁[38;2;117;245;242;48;2;37;242;230m⠘[38;2;70;209;198;48;2;54;155;140m⡆[38;2;122;237;85;48;2;73;123;80m⢀[0m[7m[38;2;89;117;66m⠹[0m                                            [0m
                                                   [38;2;30;203;215;48;2;36;116;120m⠹[38;2;16;195;215;48;2;19;178;195m⢷[38;2;13;202;222;48;2;11;178;204m⡘[38;2;12;94;98;48;2;39;194;200m⢀[38;2;67;198;191;48;2;28;101;91m⠃[38;2;77;209;68;48;2;42;129;59m⣠[38;2;32;68;50;48;2;70;190;57m⠉[38;2;24;118;46;48;2;106;208;63m⠋[38;2;60;200;50;48;2;40;198;55m⡄[38;2;43;69;54;48;2;47;135;70m⢸[0m     [7m[38;2;39;70;62m⡄[0m[38;2;73;213;211;48;2;34;133;122m⠸[38;2;15;202;209;48;2;19;181;195m⠏[38;2;5;205;214;48;2;9;184;215m⠉[38;2;6;207;221;48;2;10;187;222m⠉[38;2;7;208;224;48;2;11;188;223m⠉[38;2;23;225;224;48;2;20;195;206m⠛[38;2;38;182;169;48;2;48;134;90m⠃[38;2;129;227;79;48;2;164;237;49m⠃[38;2;91;213;66;48;2;141;226;66m⢠[0m[38;2;93;115;88m⡄[0m                                           [0m
                                                   [38;2;55;69;60m⢸[38;2;43;92;74;48;2;68;149;84m⠙[38;2;13;70;69;48;2;32;123;65m⠛[38;2;20;64;63;48;2;28;128;58m⠛[38;2;21;66;53;48;2;24;185;60m⠁[38;2;65;226;54;48;2;31;213;67m⠓[38;2;127;235;51;48;2;50;218;75m⠛[38;2;151;243;65;48;2;30;215;83m⠉[38;2;28;197;64;48;2;14;185;90m⠋[38;2;64;100;83;48;2;39;148;101m⠘[0m     [38;2;39;111;71m⠸[38;2;20;80;45;48;2;35;145;72m⠈[38;2;43;164;178;48;2;27;116;66m⠈[38;2;21;169;198;48;2;22;117;104m⠛[38;2;23;174;202;48;2;26;123;102m⠛[38;2;16;184;213;48;2;50;138;90m⠉[38;2;150;245;63;48;2;69;148;75m⣀[38;2;35;97;39;48;2;125;214;54m⠃[38;2;182;244;40;48;2;97;228;63m⠋[38;2;60;225;70;48;2;89;229;89m⠇[0m[7m[38;2;154;199;116m⠘[0m[38;2;86;117;69m⡀[0m                                          [0m
                                                   [7m[38;2;66;100;76m⡇[0m[38;2;20;159;116;48;2;52;190;123m⠺[38;2;14;147;104;48;2;43;179;91m⠦[38;2;11;190;70;48;2;40;203;74m⠴[38;2;7;202;79;48;2;45;220;91m⠋[38;2;9;162;109;48;2;45;215;106m⢀[38;2;51;229;105;48;2;20;173;118m⠋[38;2;14;184;99;48;2;5;152;133m⠉[38;2;8;141;130;48;2;10;161;150m⠟[38;2;19;176;160;48;2;16;148;143m⣀[0m      [7m[38;2;38;81;73m⡆[0m[38;2;29;163;65;48;2;20;147;102m⠙[38;2;49;214;74;48;2;24;174;73m⠢[38;2;60;219;70;48;2;35;197;61m⣬[38;2;119;240;49;48;2;56;214;70m⠉[38;2;135;245;97;48;2;78;228;86m⠰[38;2;23;215;105;48;2;94;233;121m⠔[38;2;57;228;117;48;2;120;240;141m⠋[38;2;127;231;113;48;2;169;238;147m⠏[38;2;76;219;128;48;2;138;231;112m⢀[0m[7m[38;2;67;123;79m⢸[0m                                          [0m
                                                   [38;2;54;121;78m⠘[38;2;155;230;170;48;2;82;189;108m⠇[38;2;79;218;82;48;2;31;192;94m⠙[38;2;77;224;98;48;2;34;205;122m⠛[38;2;104;223;166;48;2;45;201;137m⢠[38;2;4;156;135;48;2;91;210;162m⠋[38;2;37;178;153;48;2;96;217;170m⢉[38;2;75;228;184;48;2;31;193;164m⠇[38;2;14;194;169;48;2;13;163;153m⠾[38;2;21;169;157;48;2;29;125;124m⠟[0m[38;2;59;75;76m⠁[0m     [38;2;40;96;97m⠸[38;2;3;125;107;48;2;16;131;117m⠸[38;2;12;161;101;48;2;5;135;101m⣀[38;2;9;165;104;48;2;2;137;103m⣈[38;2;49;222;119;48;2;9;166;119m⠉[38;2;90;238;143;48;2;36;206;139m⠘[38;2;11;193;142;48;2;87;225;154m⣀[38;2;12;186;92;48;2;143;236;153m⡀[38;2;221;250;206;48;2;97;230;152m⠃[38;2;86;228;130;48;2;32;192;158m⠁[0m[38;2;70;120;117m⡇[0m                                          [0m
                                                    [7m[38;2;65;107;76m⡇[0m[38;2;1;148;110;48;2;50;184;121m⢸[38;2;5;143;144;48;2;5;127;127m⣠[38;2;8;113;111;48;2;7;142;147m⠛[38;2;6;96;112;48;2;9;147;152m⠒[38;2;9;124;133;48;2;9;142;156m⠛[38;2;25;160;177;48;2;15;132;151m⣤[38;2;13;98;120;48;2;26;123;144m⠙[0m[38;2;47;69;74m⠃[0m       [38;2;26;100;96m⠙[7m[38;2;27;110;106m⡀[0m[38;2;19;186;129;48;2;12;131;127m⠙[38;2;18;196;148;48;2;13;143;136m⠛[38;2;1;116;120;48;2;12;152;143m⢤[38;2;7;147;126;48;2;14;180;136m⡅[38;2;196;250;187;48;2;100;230;137m⢸[38;2;10;224;154;48;2;43;223;134m⢸[38;2;5;190;149;48;2;59;215;189m⠃[0m                                           [0m
                                                    [38;2;73;107;87m⢸[38;2;145;245;174;48;2;55;193;132m⡇[38;2;0;136;144;48;2;2;162;161m⠟[38;2;15;223;212;48;2;5;176;180m⣠[38;2;2;145;155;48;2;5;185;186m⣀[38;2;6;177;184;48;2;4;159;169m⠋[38;2;21;130;146;48;2;15;144;159m⡄[38;2;24;141;163;48;2;32;93;105m⡇[0m         [38;2;50;71;78m⠘[38;2;54;84;92;48;2;21;107;129m⡀[38;2;13;166;178;48;2;4;131;148m⢠[38;2;11;214;203;48;2;6;170;173m⣀[38;2;2;184;170;48;2;3;210;177m⠇[38;2;164;244;180;48;2;67;237;155m⠸[38;2;166;244;187;48;2;76;235;159m⡆[38;2;97;238;220;48;2;46;219;190m⢠[0m[38;2;55;75;73m⡇[0m                                          [0m
                                                    [7m[38;2;41;85;83m⠁[0m[38;2;152;237;171;48;2;47;138;95m⠇[38;2;8;170;160;48;2;12;100;100m⠙[38;2;19;207;197;48;2;13;145;147m⠲[38;2;0;128;139;48;2;8;186;183m⣁[38;2;11;222;213;48;2;10;175;180m⠒[38;2;9;126;143;48;2;15;139;156m⠧[0m[7m[38;2;47;91;104m⠈[0m[38;2;60;74;83m⡄[0m         [38;2;39;117;141m⠘[38;2;1;104;129;48;2;10;125;148m⠛[38;2;15;207;201;48;2;6;155;163m⣈[38;2;0;119;123;48;2;8;187;171m⠤[38;2;5;182;137;48;2;23;217;148m⣄[38;2;49;224;132;48;2;131;239;168m⠸[38;2;8;182;179;48;2;10;214;184m⠘[0m[7m[38;2;40;85;86m⠸[0m                                          [0m
                                                   [38;2;33;155;148;48;2;23;75;73m⢰[38;2;27;65;74;48;2;17;116;113m⠙[38;2;29;158;143;48;2;18;99;95m⣤[38;2;24;63;69;48;2;25;117;109m⠻[38;2;15;62;67;48;2;29;112;108m⠯[38;2;48;102;111;48;2;27;141;142m⠒[38;2;23;137;152;48;2;29;86;97m⠉[38;2;32;94;113;48;2;41;66;77m⠉[38;2;73;102;115;48;2;44;66;74m⠁[0m[7m[38;2;31;41;43m⢸[0m         [7m[38;2;41;53;58m⡇[0m[38;2;21;104;129;48;2;31;81;97m⠙[38;2;7;139;149;48;2;13;63;75m⠉[38;2;15;204;183;48;2;24;83;87m⠉[38;2;26;221;152;48;2;42;102;92m⠉[38;2;124;195;146;48;2;62;109;97m⠛[38;2;23;191;162;48;2;33;101;98m⠉[38;2;34;87;96;48;2;42;116;117m⠪[38;2;58;105;110;48;2;39;65;68m⡇[0m                                         [0m
                                                   [7m[38;2;34;62;66m⡇[0m[38;2;12;125;123;48;2;17;81;88m⠛[38;2;5;146;133;48;2;13;91;90m⠛[38;2;7;34;40;48;2;12;121;110m⣀[38;2;22;166;147;48;2;14;130;120m⠿[38;2;16;190;174;48;2;15;148;141m⠇[38;2;25;82;92;48;2;13;101;110m⠈[38;2;24;57;63;48;2;18;101;106m⠋[38;2;35;163;155;48;2;31;111;114m⠒[0m[38;2;36;59;59m⠇[0m         [38;2;39;71;78;48;2;23;37;39m⢘[38;2;7;74;79;48;2;20;97;100m⡎[38;2;9;45;49;48;2;14;119;119m⠉[38;2;11;57;62;48;2;17;141;132m⠉[38;2;9;84;79;48;2;18;165;147m⠉[38;2;41;134;121;48;2;24;180;154m⠁[38;2;60;200;175;48;2;22;182;151m⠉[38;2;23;176;148;48;2;19;159;137m⣧[38;2;21;133;133;48;2;31;104;102m⡇[0m                                         [0m
                                                   [38;2;8;53;69;48;2;43;93;106m⠐[38;2;7;41;54;48;2;37;65;78m⠂[38;2;51;134;140;48;2;39;71;79m⢀[38;2;28;60;69;48;2;29;104;108m⠏[38;2;17;118;122;48;2;22;144;121m⠏[38;2;178;251;185;48;2;69;179;113m⡀[38;2;22;120;122;48;2;16;101;87m⠙[38;2;16;67;76;48;2;22;96;106m⣀[38;2;100;228;207;48;2;36;125;123m⢀[0m[38;2;46;71;68m⡆[0m          [38;2;47;141;142;48;2;32;91;88m⠈[38;2;11;129;128;48;2;13;89;92m⠉[38;2;13;145;137;48;2;17;63;68m⠉[38;2;22;150;137;48;2;31;65;68m⠉[38;2;37;157;142;48;2;61;89;90m⠉[38;2;72;112;111;48;2;54;83;86m⡅[38;2;13;76;77;48;2;21;118;112m⡍[38;2;95;207;150;48;2;61;120;99m⡄[0m                                         [0m
                                                 [7m[38;2;33;117;125m⠁[0m[38;2;25;63;77;48;2;32;98;110m⠩[38;2;33;148;147;48;2;34;86;94m⢀[38;2;38;79;88;48;2;67;156;147m⠋[38;2;77;168;138;48;2;130;204;177m⡁[38;2;60;162;149;48;2;105;198;144m⠙[38;2;172;249;175;48;2;76;185;114m⠔[38;2;105;207;124;48;2;28;110;79m⠁[38;2;17;89;77;48;2;20;76;80m⠁[38;2;14;84;88;48;2;41;162;149m⠋[38;2;63;197;177;48;2;27;136;133m⠃[0m[7m[38;2;37;72;75m⠸[0m          [38;2;63;158;100;48;2;48;98;75m⠸[38;2;9;103;85;48;2;30;131;96m⢻[38;2;18;41;46;48;2;23;93;96m⠙[38;2;49;69;78;48;2;37;56;64m⣐[38;2;134;153;158;48;2;73;89;96m⠐[38;2;142;160;162;48;2;73;90;96m⠂[38;2;17;58;62;48;2;22;128;124m⠁[38;2;58;158;108;48;2;94;187;135m⠟[0m                                         [0m
                                            [38;2;78;99;106m⢀[7m[38;2;51;69;77m⠛[38;2;65;96;109m⠋[38;2;70;133;125m⠁[0m[38;2;150;239;184;48;2;55;149;124m⠒[38;2;174;248;192;48;2;53;163;127m⠠[38;2;10;160;146;48;2;70;182;135m⠛[38;2;171;244;172;48;2;74;182;131m⠤[38;2;125;216;145;48;2;80;168;116m⠛[38;2;180;247;184;48;2;55;127;101m⠁[38;2;36;140;87;48;2;36;93;92m⠉[38;2;31;109;92;48;2;28;78;82m⠋[38;2;27;74;83;48;2;25;71;81m⠇[38;2;95;235;214;48;2;27;114;108m⢀[38;2;68;219;193;48;2;20;146;137m⠃[38;2;31;206;188;48;2;12;133;134m⣀[38;2;32;212;193;48;2;31;135;129m⡄[0m          [38;2;32;107;89;48;2;34;81;75m⢸[38;2;142;236;169;48;2;70;172;114m⠱[38;2;15;137;131;48;2;31;156;127m⢹[38;2;35;64;71;48;2;27;92;99m⠻[38;2;28;134;145;48;2;45;89;97m⣀[38;2;43;55;60;48;2;51;105;113m⠉[38;2;19;75;82;48;2;26;137;139m⠇[38;2;51;164;113;48;2;90;193;144m⡜[0m[7m[38;2;46;68;58m⢸[0m                                        [0m
                                           [7m[38;2;36;107;120m⠋[0m[38;2;29;147;161;48;2;13;128;142m⠛[38;2;53;125;142;48;2;15;129;140m⠉[38;2;110;193;194;48;2;45;137;147m⢀[38;2;131;207;203;48;2;62;136;145m⣀[38;2;118;200;195;48;2;56;128;136m⣀[38;2;37;94;103;48;2;51;133;139m⠛[38;2;44;111;111;48;2;41;131;135m⠛[38;2;50;108;112;48;2;33;120;127m⠛[38;2;41;97;103;48;2;26;119;126m⠙[38;2;31;70;83;48;2;31;77;88m⢰[38;2;47;192;180;48;2;26;88;95m⢀[38;2;33;196;180;48;2;25;122;120m⡤[38;2;34;187;170;48;2;23;112;107m⠶[38;2;21;67;66;48;2;23;146;131m⣄[38;2;18;58;57;48;2;21;167;147m⣀[38;2;22;174;154;48;2;30;82;81m⠋[38;2;33;144;135;48;2;39;56;61m⠁[0m          [38;2;43;157;153;48;2;35;104;103m⢀[38;2;42;168;93;48;2;39;118;99m⠘[38;2;159;246;179;48;2;68;164;117m⠢[38;2;128;230;151;48;2;37;144;112m⠤[38;2;14;125;122;48;2;50;155;120m⣉[38;2;20;134;131;48;2;53;158;125m⣉[38;2;35;146;143;48;2;69;172;137m⣉[38;2;186;250;199;48;2;97;182;144m⠘[38;2;46;59;57;48;2;67;122;111m⠈[0m                                        [0m
                                          [7m[38;2;45;53;59m⠃[0m[38;2;32;89;109;48;2;36;59;71m⠙[38;2;12;95;113;48;2;28;62;75m⠙[38;2;8;113;125;48;2;31;86;97m⠛[38;2;46;149;155;48;2;16;116;126m⠈[38;2;91;174;176;48;2;17;127;134m⠉[38;2;83;171;169;48;2;16;130;134m⠉[38;2;50;150;151;48;2;11;129;135m⠁[38;2;7;123;128;48;2;11;135;139m⣿[38;2;35;208;197;48;2;11;137;139m⢀[38;2;37;204;188;48;2;16;145;142m⣠[38;2;33;224;200;48;2;29;136;128m⠔[38;2;43;198;180;48;2;45;100;97m⠋[38;2;130;135;135;48;2;55;67;69m⣀[38;2;123;126;125;48;2;54;61;64m⣀[38;2;144;147;145;48;2;76;83;86m⣀[38;2;40;48;53;48;2;110;115;116m⠛[38;2;39;48;52;48;2;125;131;131m⠋[38;2;154;159;159;48;2;106;111;111m⡆[0m          [38;2;43;141;141;48;2;33;65;72m⠈[38;2;44;139;142;48;2;19;102;110m⠐[38;2;46;105;108;48;2;27;117;120m⠛[38;2;12;130;134;48;2;20;104;111m⣀[38;2;20;89;101;48;2;16;115;123m⠛[38;2;26;101;114;48;2;28;131;139m⠛[38;2;52;120;129;48;2;47;141;147m⠛[38;2;72;126;134;48;2;47;138;144m⠛[38;2;65;120;127;48;2;42;145;151m⠋[0m[7m[38;2;56;134;142m⠈[0m[38;2;46;59;61m⡀[0m                                      [0m
                                          [38;2;85;93;98;48;2;46;51;54m⠰[38;2;40;52;61;48;2;55;67;78m⠻[38;2;42;54;66;48;2;35;45;54m⡀[38;2;24;34;43;48;2;37;46;55m⣀[38;2;82;208;208;48;2;42;65;72m⠈[38;2;68;217;210;48;2;41;99;100m⠙[38;2;55;212;199;48;2;45;111;108m⠛[38;2;41;211;195;48;2;39;107;104m⠛[38;2;27;237;215;48;2;47;107;103m⠉[38;2;40;216;196;48;2;53;90;89m⠉[38;2;20;44;46;48;2;58;73;74m⠌[38;2;112;115;115;48;2;56;60;62m⠔[0m[38;2;104;106;106m⠋[38;2;94;96;95m⠉[38;2;85;87;85m⠛[38;2;111;115;114;48;2;85;89;88m⠻[38;2;148;159;156;48;2;133;145;141m⠸[38;2;153;163;161;48;2;145;155;154m⠇[38;2;126;134;134;48;2;73;78;77m⡇[0m          [38;2;59;150;155;48;2;54;99;104m⢰[38;2;13;84;103;48;2;31;93;108m⠘[38;2;8;103;117;48;2;14;92;108m⠙[38;2;5;117;127;48;2;9;102;115m⠻[38;2;21;78;88;48;2;14;113;120m⣀[38;2;84;181;182;48;2;44;127;132m⠙[38;2;117;197;197;48;2;70;142;147m⠛[38;2;73;180;181;48;2;46;130;136m⠋[38;2;12;139;146;48;2;14;120;130m⠋[38;2;16;127;137;48;2;30;135;145m⣇[0m[7m[38;2;42;106;104m⢸[0m                                      [0m
                                           [38;2;94;97;100m⠉[38;2;94;99;102m⠉[38;2;58;63;67m⠉[0m [38;2;47;51;53m⠉[38;2;75;77;78m⠉[38;2;108;109;110m⠉[38;2;86;87;86m⠉[38;2;54;55;55m⠉[0m      [38;2;120;131;130;48;2;93;102;100m⠘[38;2;136;145;145;48;2;124;131;131m⠹[0m[38;2;88;92;92m⠇[0m          [38;2;40;139;136;48;2;24;40;42m⠈[38;2;29;166;161;48;2;34;98;100m⠛[38;2;40;185;178;48;2;31;92;96m⠒[38;2;24;74;86;48;2;32;48;55m⠁[38;2;38;47;56;48;2;40;49;58m⡇[38;2;48;57;65;48;2;45;54;62m⠙[38;2;51;59;68;48;2;49;56;65m⠋[38;2;48;55;63m⠼[38;2;28;120;128;48;2;44;64;71m⠈[38;2;49;198;188;48;2;45;101;101m⠛[38;2;70;198;180;48;2;35;48;49m⠁[0m                                      [0m
                                                          [38;2;76;83;81m⠙[38;2;94;98;99m⠛[0m            [38;2;22;27;30m⠙[38;2;31;38;44m⠛[38;2;30;38;46m⠛[38;2;28;37;44m⠛[38;2;38;47;56m⠉⠉[38;2;37;45;53m⠉[38;2;30;39;45m⠉[38;2;29;32;35m⠉[0m                                       [0m
[?25h