[?25l[0m [38;2;0;0;0m                                                                                                                       [0m
 [38;2;0;0;0m                                                        [0m [38;2;61;64;67m▗[7m[38;2;31;39;45m▀[0m[38;2;35;42;49m▃[38;2;40;45;50m▃[38;2;45;50;53m▂[38;2;62;64;66m▁[0m [38;2;13;13;13m                                                       [0m
 [38;2;0;0;0m                                                     [0m [38;2;43;51;55m▃[38;2;46;54;61m▅[38;2;41;48;58m▆[38;2;21;27;34;48;2;44;51;59m⣁[38;2;106;111;116;48;2;52;61;71m⠁[38;2;70;78;88;48;2;53;61;71m━[38;2;29;40;50;48;2;76;84;93m▔[38;2;96;105;113;48;2;58;67;76m━[38;2;83;92;100;48;2;60;68;77m╼[38;2;84;92;100;48;2;55;62;69m━[0m[7m[38;2;48;54;61m▔[0m[38;2;32;37;42m▆[38;2;39;43;48m▅[7m[38;2;56;60;64m▀[0m[38;2;55;56;60m▃[0m [38;2;25;25;25m                                                 [0m
 [38;2;0;0;0m                                                  [0m [38;2;48;56;61m▃[38;2;34;48;56m▆[38;2;40;52;60;48;2;26;43;55m▀[38;2;13;28;37;48;2;31;44;56m⠐[38;2;39;49;60;48;2;29;39;49m▆[38;2;66;76;85;48;2;48;57;67m╺[38;2;66;74;84;48;2;57;65;75m⡲[38;2;64;71;80;48;2;54;61;71m▂[38;2;52;60;69;48;2;45;53;61m▋[38;2;29;39;48;48;2;39;47;57m▃[38;2;31;40;49;48;2;22;31;40m▘[38;2;5;10;17;48;2;17;24;32m╲[38;2;10;19;28;48;2;18;27;37m━[38;2;27;36;45;48;2;16;24;34m▃[38;2;8;13;21;48;2;22;32;41m▔[38;2;32;40;50;48;2;9;15;21m▆[38;2;15;20;25;48;2;49;56;64m▀[38;2;64;68;76;48;2;32;37;42m▝[38;2;35;40;46;48;2;65;70;76m▖[0m[38;2;62;66;72m▅[0m [38;2;33;34;35m                                               [0m
 [38;2;0;0;0m                                                [38;2;59;66;68m╺[38;2;43;61;67m▆[38;2;21;34;38;48;2;35;63;72m▂[38;2;49;69;76;48;2;16;43;54m▁[38;2;25;48;60;48;2;16;37;48m╱[38;2;19;31;42;48;2;25;39;49m▃[38;2;24;34;45;48;2;31;42;52m▅[38;2;28;37;47;48;2;37;45;55m▖[38;2;46;54;64;48;2;57;65;74m▌[38;2;68;76;85;48;2;79;86;95m▌[38;2;89;94;103;48;2;74;80;88m╸[38;2;53;61;69;48;2;79;85;92m▀[38;2;73;80;88;48;2;41;49;58m▃[38;2;59;67;76;48;2;32;40;49m▖[38;2;17;25;34;48;2;11;20;28m▚[38;2;11;20;29;48;2;22;31;39m⠢[38;2;28;36;44;48;2;37;44;53m▋[38;2;77;81;89;48;2;45;52;60m▗[38;2;44;51;58;48;2;86;92;99m▀[38;2;62;68;75;48;2;76;81;87m▚[38;2;34;39;47;48;2;74;80;87m⡀[38;2;60;68;76;48;2;27;33;38m▖[38;2;11;16;21;48;2;62;69;75m▖[38;2;51;54;58;48;2;63;71;79m▝[0m[38;2;61;66;72m▖                                              [0m
 [38;2;0;0;0m                                                 [0m [38;2;21;57;66m▗[38;2;23;67;81;48;2;19;53;65m┙[38;2;6;22;33;48;2;14;36;48m┏[38;2;11;24;35;48;2;20;35;48m▘[38;2;20;31;41;48;2;23;32;43m▅[38;2;19;28;38;48;2;24;34;43m▖[38;2;42;51;59;48;2;30;39;48m▝[38;2;36;46;54;48;2;60;68;76m▆[38;2;62;69;77;48;2;41;50;59m▀[38;2;79;85;93;48;2;51;58;66m▀[38;2;80;86;95;48;2;67;68;73m▀[38;2;214;181;163;48;2;66;56;57m▃[38;2;95;64;55;48;2;29;28;33m▖[38;2;60;64;70;48;2;39;43;49m▗[38;2;73;78;83;48;2;48;53;58m▅[38;2;55;60;65;48;2;86;91;98m╲[38;2;59;67;75;48;2;92;97;104m▂[38;2;91;96;103;48;2;65;72;80m▘[38;2;35;43;53;48;2;48;56;64m▗[38;2;28;38;46;48;2;41;49;58m▅[38;2;29;36;45;48;2;12;18;25m▌[38;2;17;26;33;48;2;64;72;80m▖[38;2;53;90;90;48;2;56;64;73m▁[0m[38;2;54;65;68m▖                                             [0m
 [38;2;0;0;0m                                                [0m [38;2;24;82;97m▗[38;2;15;97;117;48;2;20;77;91m▅[38;2;11;72;89;48;2;8;47;61m▌[38;2;14;60;76;48;2;11;41;54m▖[38;2;10;29;40;48;2;13;35;47m▗[38;2;10;24;34;48;2;16;30;39m╸[38;2;23;28;34;48;2;22;32;41m▂[38;2;63;53;53;48;2;26;28;34m▂[38;2;17;28;34;48;2;24;36;45m▎[38;2;25;33;41;48;2;29;39;48m▅[38;2;113;93;86;48;2;35;39;46m▗[38;2;74;64;62;48;2;229;190;166m▘[38;2;251;221;197;48;2;250;214;188m▗[38;2;158;118;104;48;2;244;214;194m▝[38;2;199;168;153;48;2;77;63;61m▃[38;2;73;77;83;48;2;57;51;52m▀[38;2;43;49;55;48;2;70;74;81m▅[38;2;45;51;60;48;2;33;42;50m▘[38;2;28;37;47;48;2;39;49;56m▅[38;2;36;45;54;48;2;31;40;50m▘[38;2;11;19;29;48;2;22;30;40m▗[38;2;18;25;34;48;2;24;33;42m▅[38;2;10;17;24;48;2;26;49;53m▌[38;2;51;180;172;48;2;52;105;103m▝[38;2;52;139;134;48;2;39;51;51m▌[0m [38;2;5;5;5m                                            [0m
 [38;2;0;0;0m                                               [0m [7m[38;2;29;53;58m▘[0m[38;2;23;46;53;48;2;14;85;101m▃[38;2;15;72;87;48;2;17;104;123m▎[38;2;7;58;74;48;2;14;81;99m╹[38;2;6;43;57;48;2;6;59;74m▝[38;2;9;47;58;48;2;13;37;46m▖[38;2;81;68;62;48;2;20;30;36m▃[38;2;118;94;86;48;2;57;44;42m▅[38;2;97;80;75;48;2;29;40;47m▘[38;2;104;77;68;48;2;29;36;42m▁[38;2;46;43;45;48;2;185;142;122m▀[38;2;170;135;118;48;2;238;191;163m▘[38;2;215;182;160;48;2;248;207;180m▁[38;2;118;102;92;48;2;249;217;191m▂[38;2;94;82;76;48;2;250;230;210m▃[38;2;92;81;73;48;2;247;227;207m▃[38;2;238;204;182;48;2;145;119;106m━[38;2;52;42;41;48;2;175;140;123m▀[38;2;111;72;59;48;2;37;38;42m▂[38;2;23;21;25;48;2;27;34;44m▁[38;2;19;27;37;48;2;25;34;43m╲[38;2;27;35;44;48;2;15;24;32m▚[38;2;40;42;43;48;2;8;12;17m▃[38;2;9;14;19;48;2;55;68;75m▘[38;2;94;107;113;48;2;66;76;84m⠃[38;2;52;61;69;48;2;70;76;82m▁[0m [38;2;30;30;30m                                            [0m
 [38;2;0;0;0m                                                [0m  [38;2;25;57;62;48;2;12;81;95m▏[38;2;3;50;60;48;2;9;81;96m▂[38;2;5;46;55;48;2;61;93;99m▊[38;2;107;135;137;48;2;50;71;74m▃[38;2;134;132;127;48;2;67;69;67m▃[38;2;45;49;52;48;2;111;102;98m╾[38;2;149;120;109;48;2;61;56;56m▆[38;2;208;158;134;48;2;167;119;101m▆[38;2;226;172;145;48;2;232;179;151m▍[38;2;230;182;154;48;2;197;155;133m▊[38;2;116;92;80;48;2;212;158;132m▀[38;2;211;153;126;48;2;95;75;67m▆[38;2;128;100;86;48;2;217;160;132m▔[38;2;166;133;117;48;2;225;172;145m▁[38;2;225;175;148;48;2;236;193;167m▃[38;2;174;145;129;48;2;241;193;166m▔[38;2;170;122;102;48;2;237;184;156m▝[38;2;156;107;87;48;2;34;24;22m▖[38;2;23;28;32;48;2;11;15;19m▖[38;2;11;15;18;48;2;40;43;46m▘[38;2;128;146;151;48;2;68;78;84m▗[38;2;184;203;206;48;2;122;139;145m▖[38;2;68;136;144;48;2;74;99;108m▃[38;2;128;231;229;48;2;55;131;138m▂[38;2;60;160;160;48;2;40;62;64m▖[0m [38;2;10;11;11m                                           [0m
 [38;2;0;0;0m                                                 [38;2;31;70;78m▝[38;2;27;63;71m▀[7m[38;2;32;62;66m▖[0m[38;2;9;71;78;48;2;5;35;42m▖[38;2;65;88;94;48;2;128;150;151m▂[38;2;48;45;45;48;2;118;117;115m╼[38;2;39;66;70;48;2;138;112;100m▅[38;2;78;84;83;48;2;136;117;109m▖[38;2;203;160;137;48;2;169;142;130m▝[38;2;219;171;143;48;2;236;186;154m▍[38;2;238;182;151;48;2;248;198;167m▀[38;2;234;175;146;48;2;245;197;167m▀[38;2;148;116;101;48;2;213;182;166m╱[38;2;227;236;233;48;2;90;116;110m▖[38;2;136;149;151;48;2;38;66;64m╺[38;2;54;90;86;48;2;164;164;158m▊[38;2;146;106;89;48;2;217;178;155m▘[38;2;248;194;160;48;2;250;208;176m▀[38;2;226;176;148;48;2;96;70;56m▊[38;2;22;20;16;48;2;43;39;36m▘[38;2;26;32;37;48;2;55;60;64m╽[38;2;54;75;80;48;2;84;119;120m▌[38;2;99;128;136;48;2;46;94;101m▀[38;2;133;234;234;48;2;69;178;180m┏[38;2;34;148;156;48;2;97;212;211m▆[38;2;103;215;214;48;2;49;127;125m▋[0m [38;2;40;47;47m                                           [0m
 [38;2;0;0;0m                                                   [7m[38;2;41;95;96m▌[0m[38;2;22;110;114;48;2;7;48;54m▋[38;2;19;44;50;48;2;124;155;161m▋[38;2;116;142;148;48;2;163;180;187m▎[38;2;132;173;170;48;2;39;113;116m▅[38;2;27;82;82;48;2;113;159;146m▀[38;2;138;132;124;48;2;170;151;137m▘[38;2;216;178;155;48;2;247;204;174m▍[38;2;251;223;197;48;2;250;211;181m▅[38;2;251;223;198;48;2;249;211;185m▆[38;2;218;195;186;48;2;248;207;179m▀[38;2;58;126;117;48;2;227;207;192m⠈[38;2;100;187;170;48;2;243;209;182m▀[38;2;113;182;164;48;2;237;219;195m▘[38;2;216;182;158;48;2;250;218;189m⠁[38;2;250;199;166;48;2;251;208;176m▗[38;2;232;184;157;48;2;65;38;26m▊[38;2;36;29;27;48;2;52;45;41m▆[38;2;23;27;30;48;2;33;47;54m▌[38;2;31;58;63;48;2;28;49;56m▝[38;2;24;53;63;48;2;47;114;128m▎[38;2;154;245;244;48;2;73;184;187m┖[38;2;40;154;160;48;2;105;205;206m▀[38;2;126;221;221;48;2;51;97;98m▘[0m [38;2;21;22;22m                                           [0m
 [38;2;0;0;0m                                                   [0m [38;2;29;125;119;48;2;23;71;69m╲[38;2;102;133;136;48;2;14;57;58m▕[38;2;164;194;194;48;2;181;176;167m▌[38;2;199;169;152;48;2;217;176;154m▖[38;2;208;167;144;48;2;218;175;150m▂[38;2;191;173;154;48;2;219;186;166m▊[38;2;243;183;156;48;2;248;210;182m▁[38;2;250;199;168;48;2;251;220;192m▂[38;2;251;222;195;48;2;251;213;183m▘[38;2;251;204;171;48;2;251;208;175m▅[38;2;251;207;175;48;2;251;202;170m▀[38;2;251;202;173;48;2;251;211;182m▃[38;2;251;219;193;48;2;251;204;177m▀[38;2;250;212;186;48;2;250;200;172m▀[38;2;249;198;168;48;2;244;192;161m▌[38;2;216;176;147;48;2;59;51;38m▊[38;2;9;24;21;48;2;23;23;20m▃[38;2;15;36;40;48;2;6;22;22m▝[38;2;9;52;50;48;2;12;93;68m▋[38;2;10;131;72;48;2;18;78;70m▃[38;2;23;97;78;48;2;52;113;122m▖[0m[7m[38;2;61;109;114m▗[0m[38;2;39;50;52m▘                                            [0m
 [38;2;0;0;0m                                                    [38;2;55;71;69m⠈[7m[38;2;29;76;70m▃[0m[38;2;46;74;72;48;2;127;152;149m▍[38;2;146;170;164;48;2;171;158;145m▖[38;2;167;146;132;48;2;189;155;137m▅[38;2;175;151;136;48;2;164;142;128m▔[38;2;228;170;143;48;2;192;138;120m▗[38;2;244;186;156;48;2;218;147;118m▆[38;2;217;156;126;48;2;251;205;174m▁[38;2;225;183;154;48;2;248;200;169m▂[38;2;247;207;178;48;2;233;182;153m▁[38;2;239;186;156;48;2;248;192;163m▅[38;2;247;191;161;48;2;238;184;153m▀[38;2;217;179;143;48;2;242;188;157m▃[38;2;160;172;136;48;2;220;189;158m▃[38;2;185;182;155;48;2;41;64;54m▘[38;2;1;55;57;48;2;1;26;24m▃[38;2;17;105;57;48;2;4;45;35m▆[38;2;145;206;135;48;2;26;108;48m⠒[38;2;84;164;101;48;2;16;121;34m▀[38;2;132;166;139;48;2;71;140;55m▘[0m[38;2;113;147;67m▖                                             [0m
 [38;2;0;0;0m                                                   [0m [38;2;79;132;75m▃[7m[38;2;39;150;42m▀[0m[38;2;27;123;41m▆[38;2;22;113;71;48;2;129;168;143m▅[38;2;80;147;145;48;2;149;152;141m▂[38;2;151;147;135;48;2;141;119;111m▆[38;2;174;140;125;48;2;153;92;80m▆[38;2;183;107;82;48;2;209;157;134m▔[38;2;212;154;125;48;2;238;187;157m▔[38;2;246;197;164;48;2;251;212;181m▆[38;2;248;205;172;48;2;242;194;160m▘[38;2;208;177;141;48;2;232;186;154m▗[38;2;144;145;107;48;2;205;177;144m▂[38;2;130;137;107;48;2;170;159;126m╼[38;2;139;146;119;48;2;192;174;136m▀[38;2;139;154;131;48;2;13;73;62m▎[38;2;167;226;100;48;2;29;154;146m▁[38;2;164;234;108;48;2;18;166;162m▃[38;2;32;165;151;48;2;163;238;81m▀[38;2;142;229;68;48;2;17;82;58m▆[38;2;27;94;8;48;2;134;235;74m⠁[0m[38;2;109;163;84m▌                                             [0m
 [38;2;0;0;0m                                                  [0m [7m[38;2;145;218;79m▘[0m[38;2;50;181;31;48;2;74;119;80m▀[38;2;23;78;81;48;2;8;88;35m▅[38;2;37;179;187;48;2;9;98;101m▗[38;2;40;195;199;48;2;13;131;136m━[38;2;5;119;125;48;2;47;198;199m▅[38;2;8;111;113;48;2;78;176;173m╾[38;2;5;91;90;48;2;135;157;144m▁[38;2;130;135;121;48;2;204;168;144m▃[38;2;145;137;120;48;2;228;182;153m▂[38;2;108;95;77;48;2;226;182;153m▂[38;2;213;175;143;48;2;116;100;77m▀[38;2;116;107;79;48;2;170;155;120m▆[38;2;185;239;60;48;2;149;148;85m▗[38;2;156;235;42;48;2;208;205;122m▃[38;2;207;221;110;48;2;156;238;38m▀[38;2;144;240;39;48;2;188;234;76m▅[38;2;175;240;143;48;2;147;240;48m▁[38;2;175;243;160;48;2;124;237;52m▂[38;2;121;239;70;48;2;131;236;131m▀[38;2;174;240;171;48;2;108;236;125m━[38;2;72;111;87;48;2;129;222;148m▗[0m [38;2;37;42;38m                                             [0m
 [38;2;0;0;0m                             [0m [38;2;44;63;70m▅[7m[38;2;85;117;123m▀[38;2;69;100;108m▀[0m[38;2;50;64;66m▖                [0m [7m[38;2;109;169;84m▅[0m[38;2;67;124;67;48;2;109;136;124m▖[38;2;101;132;133;48;2;57;117;123m▃[38;2;18;137;145;48;2;43;185;193m⡡[38;2;52;188;192;48;2;12;131;136m┎[38;2;0;74;78;48;2;31;180;183m▅[38;2;0;55;56;48;2;4;116;121m▆[38;2;49;181;175;48;2;5;94;91m┗[38;2;54;204;194;48;2;5;68;61m▖[38;2;90;96;83;48;2;13;49;47m▔[38;2;93;87;74;48;2;16;51;47m▔[38;2;23;70;60;48;2;36;170;158m▀[38;2;65;187;177;48;2;49;106;93m╸[38;2;56;119;26;48;2;114;222;21m▎[38;2;81;139;89;48;2;104;209;29m▝[38;2;170;241;118;48;2;122;219;50m▗[38;2;137;236;78;48;2;170;239;134m⡁[38;2;98;240;82;48;2;187;242;171m▅[38;2;84;239;77;48;2;29;233;43m▀[38;2;37;236;77;48;2;9;192;32m▀[38;2;9;152;78;48;2;30;221;87m▂[0m[7m[38;2;65;167;115m▝[0m[38;2;85;161;158m▂[38;2;65;81;82m▁[0m [38;2;2;2;2m                                           [0m
 [38;2;0;0;0m                              [7m[38;2;29;36;38m▌[0m[38;2;57;85;94;48;2;23;40;50m▕[38;2;50;77;86;48;2;29;46;53m▏[38;2;58;78;83;48;2;34;41;44m▘[0m  [38;2;1;1;1m [0m [38;2;59;102;110m▆[38;2;83;118;122m▆[0m [38;2;14;15;15m         [38;2;60;92;91m▁[38;2;71;149;154m▃[7m[38;2;47;178;163m▘[0m[38;2;105;140;127;48;2;60;164;85m▝[38;2;57;131;136;48;2;93;129;118m▝[38;2;47;106;111;48;2;39;166;172m▅[38;2;7;70;72;48;2;1;38;39m▍[38;2;12;66;66;48;2;4;35;37m▃[38;2;3;54;56;48;2;0;92;88m▋[38;2;49;190;180;48;2;0;87;75m▋[38;2;3;48;45;48;2;13;51;49m▎[38;2;10;70;64;48;2;34;155;144m▊[38;2;58;201;190;48;2;13;123;110m▌[38;2;58;108;97;48;2;57;124;43m▋[38;2;86;227;11;48;2;104;233;32m╽[38;2;148;238;111;48;2;111;236;33m▆[38;2;165;239;137;48;2;71;240;42m▀[38;2;43;231;40;48;2;136;241;117m▆[38;2;69;209;95;48;2;36;228;35m▃[38;2;34;172;100;48;2;37;204;48m▅[38;2;10;224;151;48;2;20;173;92m▅[38;2;59;176;146;48;2;14;214;143m▗[38;2;52;133;125;48;2;17;188;134m▅[38;2;14;211;212;48;2;50;140;138m▃[38;2;29;224;228;48;2;75;122;126m▅[0m[38;2;71;216;220m▅[38;2;86;192;195m▃[38;2;50;82;84m▁                                         [0m
 [38;2;0;0;0m                              [0m [38;2;29;37;42;48;2;48;79;90m▊[38;2;36;64;75;48;2;30;44;52m▏[38;2;33;53;59;48;2;62;96;100m▋[38;2;37;58;63;48;2;63;83;88m▊[0m[7m[38;2;50;64;68m▝[0m  [7m[38;2;44;88;98m▍[0m[38;2;47;85;92;48;2;81;121;127m╸[0m[38;2;51;63;65m▍       [0m [38;2;70;190;196m▗[38;2;14;195;218;48;2;72;179;181m▆[38;2;17;76;86;48;2;21;143;160m▗[38;2;15;66;72;48;2;20;152;167m▅[38;2;13;146;164;48;2;8;68;60m▗[38;2;10;173;161;48;2;67;177;80m▖[38;2;72;150;78;48;2;75;116;112m▖[38;2;24;165;125;48;2;12;69;63m▆[38;2;47;209;181;48;2;22;109;102m▅[38;2;44;179;166;48;2;34;121;116m▖[38;2;63;188;178;48;2;40;129;121m⠁[38;2;12;56;57;48;2;41;118;113m▔[38;2;42;192;172;48;2;32;111;107m▃[38;2;69;200;179;48;2;24;125;102m─[38;2;67;124;72;48;2;106;223;48m▋[38;2;73;234;157;48;2;87;239;37m▂[38;2;79;238;66;48;2;78;235;199m▀[38;2;71;240;221;48;2;56;233;75m▅[38;2;12;242;227;48;2;89;239;126m▃[38;2;49;209;134;48;2;59;122;96m▎[38;2;80;103;100;48;2;33;184;132m▅[38;2;49;203;159;48;2;76;100;98m▀[38;2;82;204;179;48;2;83;144;139m▗[38;2;50;214;206;48;2;131;238;193m▀[38;2;26;237;237;48;2;165;243;236m▀[38;2;23;235;237;48;2;142;216;216m▀[38;2;79;174;176;48;2;35;226;229m▅[38;2;10;223;224;48;2;44;168;175m▃[38;2;45;224;215;48;2;63;130;138m▅[0m[38;2;110;197;186m▖[0m [38;2;0;0;0m                                       [0m
 [38;2;0;0;0m                               [0m [38;2;38;50;57;48;2;27;36;42m▘[38;2;13;29;37;48;2;32;49;57m▎[38;2;41;53;60;48;2;47;62;69m▍[38;2;43;78;88;48;2;73;139;157m▏[38;2;46;64;67;48;2;68;133;151m▔[0m[38;2;74;130;145m▆[38;2;86;144;158;48;2;46;78;86m▆[38;2;103;158;170;48;2;72;120;131m▅[38;2;38;47;49;48;2;85;126;134m▝[0m [38;2;17;20;20m     [0m [7m[38;2;67;187;188m▘[0m[38;2;18;126;89;48;2;38;169;177m▗[38;2;48;208;196;48;2;27;170;159m┏[38;2;89;154;170;48;2;38;112;131m▁[38;2;17;184;198;48;2;56;121;136m▗[38;2;10;180;202;48;2;1;218;223m▘[38;2;34;216;160;48;2;4;224;213m▝[38;2;83;230;152;48;2;68;194;85m▅[38;2;37;153;103;48;2;14;188;146m▍[38;2;14;192;149;48;2;16;209;176m▘[38;2;16;212;186;48;2;49;223;209m▖[38;2;25;185;167;48;2;53;227;202m▔[38;2;49;217;183;48;2;136;241;127m▀[38;2;144;241;132;48;2;46;197;135m▅[38;2;48;236;200;48;2;119;225;124m▂[38;2;126;239;128;48;2;14;239;216m▀[38;2;36;235;187;48;2;5;242;233m▘[38;2;10;241;235;48;2;105;244;242m▆[38;2;80;245;242;48;2;14;244;238m▗[38;2;81;244;241;48;2;73;196;193m▌[38;2;126;186;184;48;2;103;124;123m▏[38;2;166;177;177;48;2;99;110;111m⠒[38;2;81;199;193;48;2;57;97;96m▆[38;2;24;179;173;48;2;86;241;212m▀[38;2;44;166;93;48;2;64;216;182m▗[38;2;134;209;208;48;2;67;131;122m▀[38;2;184;246;245;48;2;121;186;186m╺[38;2;136;229;228;48;2;206;250;248m▔[38;2;146;245;226;48;2;49;239;232m▅[38;2;174;246;211;48;2;100;234;176m┏[38;2;67;238;147;48;2;130;222;183m▃[0m[38;2;147;212;182m▖                                       [0m
 [38;2;0;0;0m                                [38;2;32;48;51m▝[38;2;45;90;96;48;2;25;52;58m┨[38;2;50;64;73;48;2;35;47;56m▝[38;2;98;147;162;48;2;52;72;82m▝[38;2;71;91;102;48;2;91;131;144m▁[38;2;95;135;148;48;2;78;125;141m▆[38;2;91;134;148;48;2;102;146;158m▆[38;2;76;114;125;48;2;112;153;164m▃[38;2;88;134;145;48;2;64;98;104m▘[0m[38;2;49;65;66m▌    [0m [7m[38;2;63;171;172m▘[0m[38;2;25;209;217;48;2;22;157;138m▘[38;2;18;132;97;48;2;24;227;108m▘[38;2;20;209;114;48;2;19;113;114m▋[38;2;28;157;167;48;2;29;93;105m▗[38;2;0;115;129;48;2;24;198;203m╻[38;2;18;180;181;48;2;8;239;233m▗[38;2;22;180;179;48;2;10;232;219m▅[38;2;44;149;121;48;2;71;211;157m▅[38;2;3;114;115;48;2;29;193;171m▗[38;2;3;129;132;48;2;22;207;193m━[38;2;5;138;136;48;2;18;209;191m┑[38;2;21;208;166;48;2;124;235;121m▋[38;2;62;175;116;48;2;135;245;127m▅[38;2;127;245;145;48;2;131;241;187m▋[38;2;16;165;158;48;2;32;239;222m▅[38;2;17;201;195;48;2;11;245;235m▗[38;2;9;239;232;48;2;7;148;149m▀[38;2;14;171;172;48;2;13;238;234m▅[38;2;38;165;166;48;2;113;242;241m▃[38;2;106;230;227;48;2;31;106;103m▊[38;2;166;180;181;48;2;91;110;111m▔[38;2;77;108;108;48;2;146;161;161m▆[38;2;68;208;203;48;2;13;232;219m▎[38;2;92;235;106;48;2;38;228;181m▗[38;2;143;242;28;48;2;111;231;79m▅[38;2;83;208;24;48;2;47;124;75m▖[38;2;57;149;148;48;2;36;211;212m▖[38;2;141;247;243;48;2;58;240;237m▝[38;2;148;249;243;48;2;102;245;235m▘[38;2;150;240;202;48;2;96;235;195m┕[38;2;53;236;143;48;2;131;236;188m▀[38;2;128;173;151;48;2;137;234;192m▝[0m[38;2;77;108;105m▖                                      [0m
 [38;2;0;0;0m                                 [0m [7m[38;2;33;53;56m▃[0m[38;2;37;69;71;48;2;34;49;56m▃[38;2;46;61;73;48;2;36;51;62m▝[38;2;41;56;65;48;2;94;119;129m▆[38;2;86;116;124;48;2;47;63;71m▀[38;2;47;69;75;48;2;65;94;101m▃[38;2;32;67;74;48;2;45;73;79m▅[38;2;20;88;100;48;2;34;164;168m▍[0m[7m[38;2;34;186;156m▀[0m[38;2;84;169;121m▂[0m  [38;2;71;135;131m▗[38;2;14;233;169;48;2;34;159;134m▗[38;2;91;244;114;48;2;33;237;143m▗[38;2;75;239;78;48;2;11;233;66m▖[38;2;17;204;50;48;2;18;102;75m▍[38;2;21;104;116;48;2;30;195;204m▍[38;2;23;216;209;48;2;10;130;141m▗[38;2;21;186;186;48;2;7;133;140m▍[38;2;37;207;202;48;2;1;125;116m▋[38;2;21;135;109;48;2;54;188;158m▏[38;2;3;118;120;48;2;18;218;201m▝[38;2;4;123;125;48;2;23;192;185m━[38;2;0;117;122;48;2;24;218;202m▖[38;2;34;169;121;48;2;133;221;119m▌[38;2;83;211;156;48;2;17;127;103m▗[38;2;95;233;189;48;2;44;163;134m▃[38;2;2;128;129;48;2;32;218;210m▊[38;2;38;241;230;48;2;3;146;146m▍[38;2;3;149;150;48;2;27;241;232m▎[38;2;17;251;241;48;2;28;245;236m▊[38;2;39;230;223;48;2;9;158;158m▏[38;2;20;142;138;48;2;51;232;227m▕[38;2;56;88;89;48;2;91;116;117m▆[38;2;69;86;88;48;2;30;93;91m▊[38;2;27;159;152;48;2;16;222;196m▏[38;2;39;215;83;48;2;90;228;18m▌[38;2;53;224;2;48;2;133;245;11m▗[38;2;57;175;20;48;2;138;245;23m▝[38;2;128;237;41;48;2;50;135;92m▂[38;2;49;198;202;48;2;72;157;75m▀[38;2;64;227;225;48;2;66;133;123m▀[38;2;30;240;231;48;2;46;201;198m▀[38;2;6;238;228;48;2;54;237;193m▆[38;2;4;227;212;48;2;61;232;194m▆[0m[38;2;83;198;196m▋[0m [38;2;1;1;1m                                     [0m
 [38;2;0;0;0m                                   [7m[38;2;65;87;88m▊[0m[38;2;38;92;99;48;2;16;51;60m▍[38;2;6;52;62;48;2;19;33;41m▁[38;2;38;119;139;48;2;21;38;48m▁[38;2;32;135;150;48;2;23;52;60m▃[38;2;30;91;99;48;2;34;175;179m▘[38;2;43;205;201;48;2;9;192;174m▘[38;2;77;234;176;48;2;16;189;160m▗[38;2;61;235;161;48;2;129;242;164m▎[0m[7m[38;2;45;186;115m▝[38;2;62;155;145m▀[0m[38;2;21;100;102;48;2;52;133;139m▗[38;2;22;108;106;48;2;23;172;100m▆[38;2;20;221;77;48;2;37;116;99m▀[38;2;27;146;48;48;2;72;234;51m▃[38;2;13;176;21;48;2;5;93;48m▌[38;2;25;216;213;48;2;6;177;172m▊[38;2;16;166;162;48;2;5;221;199m▘[38;2;5;114;114;48;2;13;201;181m╹[38;2;28;215;179;48;2;58;166;120m▍[38;2;63;166;134;48;2;23;206;177m▌[38;2;8;149;144;48;2;11;219;193m▀[38;2;9;137;135;48;2;12;217;196m▀[38;2;13;152;144;48;2;14;197;171m▘[38;2;27;149;83;48;2;111;220;116m▎[38;2;17;143;112;48;2;109;246;161m▘[38;2;118;246;187;48;2;39;222;199m▌[38;2;0;119;119;48;2;8;223;213m▘[38;2;11;176;173;48;2;4;243;231m▝[38;2;7;243;233;48;2;10;165;163m▃[38;2;12;245;237;48;2;12;179;177m▃[38;2;12;236;231;48;2;7;160;161m▅[38;2;37;234;231;48;2;10;236;232m▂[38;2;30;197;193;48;2;34;99;91m▎[38;2;53;77;72;48;2;45;70;66m▌[38;2;26;99;76;48;2;36;195;100m▌[38;2;75;238;16;48;2;15;186;21m▝[38;2;17;201;8;48;2;68;230;13m▊[38;2;159;247;8;48;2;126;242;7m▝[38;2;131;232;5;48;2;157;245;16m▅[38;2;204;247;71;48;2;165;241;43m▂[38;2;178;239;88;48;2;54;150;48m▅[38;2;111;203;44;48;2;59;142;123m▂[38;2;86;156;84;48;2;22;212;212m▅[38;2;85;164;81;48;2;28;190;185m▆[38;2;84;128;119;48;2;128;176;115m▀[0m[38;2;57;66;62m▖                                     [0m
 [38;2;0;0;0m                                   [0m [7m[38;2;59;163;164m▍[0m[38;2;44;161;174;48;2;38;115;139m▖[38;2;35;135;160;48;2;16;93;121m▔[38;2;11;109;132;48;2;12;127;145m▌[38;2;17;212;190;48;2;11;142;152m▂[38;2;14;174;163;48;2;35;226;189m▘[38;2;26;236;177;48;2;100;240;178m▁[38;2;160;250;180;48;2;72;236;147m┛[38;2;117;246;143;48;2;60;234;117m▊[38;2;205;251;129;48;2;75;223;104m▗[38;2;90;240;81;48;2;25;146;90m▆[38;2;47;132;98;48;2;111;235;73m▀[38;2;101;185;83;48;2;56;115;91m▖[38;2;41;90;63;48;2;19;72;35m▌[38;2;65;168;76;48;2;5;73;13m▕[38;2;28;217;134;48;2;121;236;136m▀[38;2;19;226;128;48;2;8;220;192m▖[38;2;7;217;178;48;2;13;217;165m▊[38;2;85;216;134;48;2;61;124;85m▋[38;2;56;155;133;48;2;24;183;158m▍[38;2;8;198;178;48;2;41;204;191m▀[38;2;59;217;211;48;2;10;199;184m▖[38;2;28;199;184;48;2;32;181;126m▊[38;2;70;196;94;48;2;117;241;117m▏[38;2;101;244;139;48;2;104;244;129m▀[38;2;103;246;169;48;2;13;236;206m▍[38;2;0;246;229;48;2;0;251;234m▂[38;2;4;244;232;48;2;0;251;235m▗[38;2;30;236;198;48;2;6;240;230m▗[38;2;149;244;175;48;2;26;235;217m▂[38;2;203;247;208;48;2;49;237;207m▃[38;2;63;236;191;48;2;215;248;213m▀[38;2;175;244;167;48;2;56;210;115m▅[38;2;46;183;55;48;2;34;97;52m▖[38;2;24;80;35;48;2;32;70;50m▝[38;2;10;133;17;48;2;12;74;21m▀[38;2;38;224;17;48;2;7;189;18m▝[38;2;18;191;7;48;2;61;213;5m▖[38;2;173;244;15;48;2;116;230;4m▝[38;2;140;224;22;48;2;201;247;58m▅[38;2;194;233;82;48;2;110;136;107m▀[38;2;172;192;168;48;2;191;237;88m▆[38;2;129;189;127;48;2;153;238;172m▀[38;2;89;229;157;48;2;72;175;108m▅[38;2;100;230;163;48;2;53;194;110m▅[38;2;73;89;82;48;2;122;211;157m▝[0m [38;2;36;41;38m                                    [0m
 [38;2;0;0;0m                                    [38;2;39;182;162m▝[38;2;20;197;200;48;2;28;155;165m▚[38;2;4;152;182;48;2;17;171;190m▂[38;2;3;152;176;48;2;9;217;197m▃[38;2;1;155;174;48;2;3;231;197m▃[38;2;0;153;157;48;2;7;224;186m▃[38;2;5;199;134;48;2;7;227;170m▅[38;2;7;216;115;48;2;33;232;103m▋[38;2;100;244;115;48;2;80;238;90m▀[38;2;108;232;73;48;2;189;247;100m▎[38;2;189;247;102;48;2;82;218;40m▋[38;2;56;195;22;48;2;135;239;68m▅[38;2;154;245;62;48;2;98;235;36m▘[38;2;19;189;14;48;2;13;101;21m▆[38;2;5;112;9;48;2;49;194;57m▊[38;2;43;227;45;48;2;114;232;108m▘[38;2;117;238;125;48;2;19;213;116m▍[38;2;7;205;156;48;2;34;214;133m▊[38;2;109;216;120;48;2;74;124;94m▍[38;2;14;100;88;48;2;10;129;121m▍[38;2;6;160;155;48;2;8;148;144m▝[38;2;8;159;160;48;2;64;211;211m┃[38;2;67;213;211;48;2;10;149;127m▏[38;2;60;172;85;48;2;127;235;104m▂[38;2;117;235;86;48;2;119;243;112m▃[38;2;83;237;132;48;2;18;231;197m▍[38;2;6;237;223;48;2;10;224;210m▝[38;2;81;241;122;48;2;14;234;203m▗[38;2;69;243;159;48;2;164;243;139m▘[38;2;176;241;150;48;2;214;247;197m▅[38;2;157;242;133;48;2;209;248;192m▆[38;2;139;241;124;48;2;183;243;165m▀[38;2;105;239;101;48;2;162;241;154m▃[38;2;42;187;53;48;2;91;242;99m▝[38;2;31;207;59;48;2;19;93;35m▃[38;2;15;69;30;48;2;5;41;12m▍[38;2;9;78;17;48;2;14;165;21m▃[38;2;21;188;17;48;2;18;72;33m▀[38;2;35;63;49;48;2;48;175;26m▆[38;2;63;114;48;48;2;58;73;70m▔[38;2;92;109;114;48;2;52;67;62m▝[38;2;110;127;128;48;2;133;151;146m▌[38;2;116;143;100;48;2;179;216;181m▂[38;2;133;175;79;48;2;130;204;159m▃[38;2;89;170;124;48;2;69;94;76m▀[38;2;154;207;92;48;2;93;141;101m▗[0m[38;2;101;117;90m▍                                    [0m
 [38;2;0;0;0m                                     [38;2;49;103;99m▝[7m[38;2;31;186;185m▖[0m[38;2;7;187;192;48;2;2;149;181m▅[38;2;6;159;178;48;2;3;143;170m▖[38;2;1;151;155;48;2;5;187;135m▋[38;2;5;212;127;48;2;4;203;113m▘[38;2;10;223;93;48;2;14;230;71m▌[38;2;46;237;62;48;2;89;232;28m▋[38;2;122;242;29;48;2;157;246;41m▗[38;2;147;243;33;48;2;80;233;18m▘[38;2;66;210;7;48;2;130;233;35m▎[38;2;24;185;2;48;2;87;228;26m╲[38;2;48;219;18;48;2;3;154;7m▎[38;2;2;138;9;48;2;21;175;29m▋[38;2;33;118;59;48;2;23;201;20m▖[38;2;150;243;134;48;2;81;225;70m┃[38;2;22;189;101;48;2;69;209;31m▀[38;2;113;186;86;48;2;52;92;73m▎[38;2;7;88;79;48;2;11;122;120m▍[38;2;70;205;207;48;2;9;145;148m▕[38;2;13;168;171;48;2;71;216;218m┃[38;2;14;158;161;48;2;7;133;133m▍[38;2;10;118;114;48;2;14;99;83m▋[38;2;72;131;77;48;2;125;213;70m▊[38;2;152;242;53;48;2;44;220;145m▃[38;2;33;234;179;48;2;119;237;99m▀[38;2;112;242;109;48;2;184;243;149m▘[38;2;154;244;94;48;2;213;248;187m▆[38;2;149;239;89;48;2;207;246;179m▆[38;2;225;251;202;48;2;138;214;100m▔[38;2;167;243;146;48;2;131;241;94m▔[38;2;143;238;145;48;2;103;237;105m▆[38;2;142;238;169;48;2;90;236;105m▆[38;2;119;237;169;48;2;58;237;97m▆[38;2;90;231;156;48;2;14;158;51m▖[38;2;51;161;82;48;2;7;83;18m▂[38;2;31;181;37;48;2;15;84;27m▂[38;2;23;69;34;48;2;12;195;10m▀[38;2;86;219;11;48;2;38;89;41m▆[38;2;83;151;45;48;2;166;238;20m▔[38;2;55;99;36;48;2;186;238;44m▔[38;2;141;221;21;48;2;190;237;72m╼[38;2;156;232;33;48;2;199;245;77m▀[38;2;169;231;72;48;2;90;136;71m▖[38;2;106;143;89;48;2;97;118;110m▝[0m[7m[38;2;152;181;104m▝[0m[38;2;80;87;59m▖                                   [0m
 [38;2;0;0;0m                                      [0m [7m[38;2;25;155;152m▅[38;2;21;168;166m▂[0m[38;2;64;165;148;48;2;8;171;148m▂[38;2;17;158;117;48;2;4;193;118m▃[38;2;11;217;72;48;2;5;162;84m▀[38;2;4;183;57;48;2;36;230;36m▅[38;2;7;204;45;48;2;62;219;15m▆[38;2;44;235;33;48;2;10;212;39m▀[38;2;15;195;49;48;2;94;237;25m▃[38;2;7;176;60;48;2;26;201;14m▃[38;2;13;151;77;48;2;4;149;30m▃[38;2;32;141;70;48;2;15;91;36m▎[38;2;19;108;25;48;2;22;207;13m▘[38;2;162;246;134;48;2;79;221;48m┃[38;2;81;218;14;48;2;133;210;69m▊[38;2;50;148;132;48;2;51;100;69m▗[38;2;5;106;95;48;2;9;125;126m▍[38;2;110;246;246;48;2;14;149;153m▕[38;2;38;187;186;48;2;78;221;223m▋[38;2;8;151;159;48;2;9;138;144m▍[38;2;15;102;101;48;2;12;127;128m▝[38;2;178;240;81;48;2;85;130;98m▕[38;2;168;242;50;48;2;156;236;25m▎[38;2;132;237;56;48;2;160;235;106m▊[38;2;219;250;178;48;2;174;239;112m▍[38;2;201;241;147;48;2;168;244;83m▖[38;2;98;145;62;48;2;170;243;67m▝[38;2;130;180;65;48;2;108;129;110m▖[38;2;134;230;84;48;2;102;140;100m▝[38;2;148;241;130;48;2;130;233;77m▔[38;2;138;240;156;48;2;113;245;77m▔[38;2;92;233;149;48;2;42;242;83m▔[38;2;12;226;92;48;2;7;182;68m▋[38;2;50;164;91;48;2;224;241;231m▋[38;2;192;233;193;48;2;42;192;42m▋[38;2;3;167;2;48;2;16;209;7m▗[38;2;13;163;3;48;2;108;232;11m▆[38;2;35;184;9;48;2;133;238;12m▆[38;2;25;171;8;48;2;108;227;26m━[38;2;175;247;46;48;2;94;218;32m▃[38;2;204;251;100;48;2;140;233;44m▔[38;2;114;208;49;48;2;184;240;77m▃[38;2;116;189;68;48;2;66;97;71m▏[38;2;76;108;74;48;2;166;234;81m▊[0m[38;2;167;230;72m▍                                   [0m
 [38;2;0;0;0m                                        [0m [38;2;64;127;120m▝[7m[38;2;70;159;125m▃[0m[38;2;67;88;73;48;2;54;152;101m▁[38;2;79;164;116;48;2;26;154;96m▂[38;2;32;154;108;48;2;8;183;85m▅[38;2;16;149;96;48;2;5;188;75m▅[38;2;44;98;75;48;2;8;150;91m▁[0m[7m[38;2;19;132;90m▂[38;2;50;107;85m▅[0m[38;2;65;104;76;48;2;58;195;88m▌[38;2;97;223;120;48;2;15;206;14m▆[38;2;115;227;97;48;2;50;200;17m▋[38;2;55;105;26;48;2;101;207;32m▕[38;2;48;160;150;48;2;44;112;94m▝[38;2;61;209;195;48;2;7;155;142m▌[38;2;6;150;153;48;2;92;239;239m▊[38;2;22;174;173;48;2;61;210;211m▌[38;2;8;156;154;48;2;5;147;153m▕[38;2;79;231;223;48;2;23;172;163m┏[38;2;75;143;132;48;2;99;140;51m▋[38;2;176;241;57;48;2;155;234;23m▎[38;2;141;235;48;48;2;165;234;101m▊[38;2;220;250;176;48;2;189;238;127m▍[38;2;197;241;135;48;2;210;245;156m▆[38;2;196;242;127;48;2;182;245;77m▃[38;2;193;245;113;48;2;170;237;62m▂[38;2;155;239;49;48;2;94;136;77m▖[38;2;94;169;61;48;2;70;97;84m▝[38;2;71;147;50;48;2;119;241;38m▖[38;2;59;237;31;48;2;108;247;42m▁[38;2;57;239;61;48;2;30;223;90m▍[38;2;79;182;114;48;2;227;240;232m▌[38;2;160;207;160;48;2;243;244;243m▝[38;2;213;231;214;48;2;34;144;35m▖[38;2;50;214;16;48;2;14;164;7m▂[38;2;37;192;8;48;2;94;223;13m▀[38;2;136;233;26;48;2;70;213;10m▆[38;2;121;160;107;48;2;164;235;50m▂[38;2;179;224;102;48;2;152;185;171m▀[38;2;158;199;179;48;2;177;233;227m▀[38;2;91;238;216;48;2;84;145;141m▅[38;2;89;147;105;48;2;23;221;188m▀[38;2;95;172;129;48;2;54;68;67m▊[0m [38;2;35;37;37m                                  [0m
 [38;2;0;0;0m                                           [0m [38;2;81;123;94m▔[7m[38;2;55;101;76m▆[38;2;49;77;63m▆[0m [38;2;63;90;95m▗[38;2;39;58;62m▆[38;2;27;61;48;48;2;79;145;98m▅[38;2;32;168;39;48;2;102;220;120m▅[38;2;122;216;105;48;2;53;197;23m▌[38;2;100;195;39;48;2;41;81;36m▊[38;2;76;111;102;48;2;6;76;70m▎[38;2;77;205;197;48;2;10;142;134m▌[38;2;14;145;148;48;2;103;239;242m▊[38;2;20;165;168;48;2;64;202;205m▌[38;2;13;126;131;48;2;5;143;147m▂[38;2;82;240;237;48;2;23;166;161m┃[38;2;13;89;87;48;2;93;128;87m▍[38;2;172;240;63;48;2;148;232;17m▍[38;2;158;230;81;48;2;140;234;31m▕[38;2;202;246;140;48;2;144;233;39m▌[38;2;168;234;71;48;2;143;235;12m▔[38;2;62;221;9;48;2;149;237;25m▃[38;2;27;105;23;48;2;102;227;22m▂[38;2;53;126;58;48;2;84;226;15m▃[38;2;70;156;54;48;2;55;91;67m▍[38;2;33;194;45;48;2;62;103;78m▝[38;2;10;183;34;48;2;41;76;58m▀[38;2;97;167;127;48;2;38;100;65m▝[38;2;52;86;73;48;2;233;244;240m▅[38;2;54;79;70;48;2;237;240;239m▖[38;2;225;238;224;48;2;43;130;43m▋[38;2;16;68;28;48;2;19;169;10m▅[38;2;30;153;18;48;2;34;69;49m▔[38;2;44;108;34;48;2;54;76;71m▔[38;2;55;78;75;48;2;116;138;140m▎[38;2;120;163;161;48;2;180;239;233m▌[38;2;194;236;230;48;2;196;247;237m╸[38;2;182;250;240;48;2;54;236;195m▍[38;2;6;238;179;48;2;66;237;209m▅[38;2;75;142;134;48;2;73;230;208m▕[0m[38;2;64;81;79m▎                                  [0m
 [38;2;0;0;0m                                               [0m [38;2;73;97;107;48;2;50;63;70m┃[38;2;54;64;72;48;2;57;64;74m▍[38;2;42;50;58;48;2;9;17;22m▋[38;2;19;36;37;48;2;46;67;68m▊[38;2;55;77;79;48;2;28;46;44m▊[38;2;31;43;49;48;2;52;89;53m▆[38;2;30;43;50;48;2;29;60;60m▅[38;2;72;116;120;48;2;63;75;84m▔[38;2;76;111;118;48;2;60;74;83m⠊[38;2;42;110;120;48;2;58;72;81m▔[38;2;17;27;38;48;2;66;85;94m╷[38;2;91;117;123;48;2;38;75;80m▍[38;2;47;58;61;48;2;60;96;82m▅[38;2;48;69;53;48;2;135;213;51m▆[38;2;91;109;104;48;2;111;181;86m▅[38;2;96;114;108;48;2;126;196;99m▅[38;2;75;96;80;48;2;115;217;33m▆[38;2;52;73;63;48;2;41;180;33m▆[38;2;5;32;17;48;2;17;38;36m▎[38;2;33;48;50;48;2;78;88;92m▍[38;2;107;115;117;48;2;80;89;94m▔[38;2;111;118;123;48;2;77;84;90m▂[38;2;71;80;86;48;2;24;37;42m▋[38;2;23;38;43;48;2;44;61;63m▍[38;2;71;113;98;48;2;39;78;64m▗[38;2;38;77;64;48;2;174;186;184m▊[38;2;225;231;228;48;2;41;72;50m▊[38;2;13;57;26;48;2;20;173;58m▀[38;2;48;223;77;48;2;23;79;43m▆[38;2;15;80;39;48;2;70;232;114m▔[38;2;29;222;147;48;2;53;134;115m▖[38;2;86;124;126;48;2;148;180;182m▏[38;2;135;199;197;48;2;184;242;235m┓[38;2;143;247;233;48;2;37;233;199m▎[38;2;29;236;198;48;2;13;232;187m▋[38;2;104;222;208;48;2;31;216;180m▂[0m[38;2;61;79;76m▎                                  [0m
 [38;2;0;0;0m                                               [0m [38;2;62;83;93;48;2;46;60;69m▖[38;2;49;57;63;48;2;54;62;71m▕[38;2;17;114;54;48;2;22;38;35m▗[38;2;66;197;89;48;2;27;69;52m▃[38;2;75;183;47;48;2;43;67;63m▃[38;2;63;121;37;48;2;32;46;45m▖[38;2;29;83;17;48;2;26;40;40m▂[38;2;40;85;24;48;2;59;71;76m▁[38;2;31;73;30;48;2;57;68;75m▁[38;2;34;76;34;48;2;59;69;77m▁[38;2;20;30;35;48;2;61;71;76m│[38;2;79;90;92;48;2;31;51;38m▍[38;2;80;119;63;48;2;47;59;55m▁[38;2;117;179;66;48;2;54;74;61m▁[38;2;48;135;43;48;2;83;108;100m▂[38;2;90;197;83;48;2;86;112;95m▁[38;2;140;214;111;48;2;66;84;72m▂[38;2;95;216;119;48;2;53;80;68m▂[38;2;14;87;51;48;2;16;44;39m▂[38;2;25;48;48;48;2;58;69;74m▌[38;2;32;40;46;48;2;67;75;81m┐[38;2;48;56;62;48;2;73;82;88m─[38;2;69;79;85;48;2;30;47;51m▊[38;2;25;45;50;48;2;50;65;72m▋[38;2;30;51;54;48;2;46;71;72m╲[38;2;33;59;58;48;2;197;205;206m▊[38;2;231;239;236;48;2;107;163;135m▊[38;2;16;154;101;48;2;5;152;57m▃[38;2;3;166;111;48;2;70;222;71m▅[38;2;87;242;127;48;2;27;222;188m▀[38;2;89;227;195;48;2;29;109;105m▊[38;2;81;122;125;48;2;156;176;180m▏[38;2;134;199;198;48;2;144;246;241m▌[38;2;86;236;217;48;2;46;235;206m▏[38;2;75;238;214;48;2;32;231;196m▖[38;2;105;237;225;48;2;77;138;131m▋[0m [38;2;57;63;62m                                  [0m
 [38;2;0;0;0m                                               [0m [7m[38;2;52;66;73m▃[0m[38;2;90;125;128;48;2;49;63;68m▂[38;2;16;63;54;48;2;46;166;122m▘[38;2;148;235;139;48;2;56;201;121m▝[38;2;62;202;40;48;2;95;207;30m▌[38;2;121;184;64;48;2;52;91;47m▎[38;2;65;175;4;48;2;40;124;6m▗[38;2;54;141;6;48;2;91;198;7m▀[38;2;50;133;12;48;2;77;170;15m▀[38;2;62;148;10;48;2;126;215;10m▀[38;2;111;207;15;48;2;45;122;12m▅[38;2;120;204;12;48;2;62;137;12m▆[38;2;62;118;19;48;2;98;119;94m▊[38;2;93;119;68;48;2;153;220;55m▍[38;2;97;217;35;48;2;162;242;44m▔[38;2;176;245;179;48;2;136;233;135m╲[38;2;160;241;149;48;2;192;245;165m▀[38;2;89;235;179;48;2;147;242;170m▗[38;2;41;193;133;48;2;8;82;59m▍[38;2;25;61;54;48;2;56;77;79m▊[38;2;28;64;67;48;2;69;83;88m▁[38;2;28;63;66;48;2;67;81;86m▂[38;2;18;79;84;48;2;64;80;85m▂[38;2;3;74;79;48;2;17;46;50m▁[38;2;71;107;109;48;2;39;63;67m▂[38;2;109;115;116;48;2;40;58;59m▕[38;2;137;159;156;48;2;230;235;235m▂[38;2;99;183;170;48;2;9;199;177m▎[38;2;3;239;213;48;2;5;209;191m▆[38;2;3;237;215;48;2;2;211;199m▆[38;2;15;213;207;48;2;31;111;120m▋[38;2;193;214;219;48;2;144;166;173m─[38;2;99;181;182;48;2;83;238;230m▎[38;2;50;235;220;48;2;21;235;210m▗[38;2;54;240;215;48;2;35;233;203m▍[38;2;94;224;212;48;2;63;82;80m▋[0m [38;2;9;9;9m                                  [0m
 [38;2;0;0;0m                                                [0m [38;2;59;69;70;48;2;90;189;199m▍[38;2;76;210;194;48;2;26;193;207m▘[38;2;36;201;188;48;2;43;199;96m▋[38;2;87;140;54;48;2;93;212;64m▕[38;2;54;99;56;48;2;28;122;13m▋[38;2;22;164;3;48;2;71;184;9m▃[38;2;92;221;18;48;2;70;201;7m▗[38;2;122;225;55;48;2;76;189;18m▕[38;2;89;192;3;48;2;138;228;15m▏[38;2;133;226;19;48;2;84;183;14m▊[38;2;129;218;18;48;2;108;193;8m▋[38;2;73;143;4;48;2;64;110;31m▌[38;2;99;129;88;48;2;157;221;82m▋[38;2;140;225;48;48;2;164;244;55m▎[38;2;111;233;118;48;2;76;239;195m▍[38;2;138;243;176;48;2;25;233;209m▀[38;2;75;240;207;48;2;154;243;173m▂[38;2;40;165;134;48;2;146;241;192m▝[38;2;16;116;103;48;2;148;237;184m▀[38;2;60;222;179;48;2;9;102;98m▅[38;2;9;218;210;48;2;3;118;114m▅[38;2;41;186;192;48;2;7;220;223m▔[38;2;9;198;206;48;2;3;137;142m▆[38;2;43;165;169;48;2;69;85;86m▋[0m [38;2;70;134;121m▝[38;2;4;175;152;48;2;23;106;92m▀[38;2;5;117;121;48;2;3;199;184m▆[38;2;10;141;157;48;2;8;206;197m▆[38;2;18;99;112;48;2;41;189;195m▝[38;2;189;223;227;48;2;54;115;131m▃[38;2;17;209;210;48;2;80;139;157m▀[38;2;29;102;124;48;2;8;220;218m▃[38;2;14;144;166;48;2;7;218;215m▂[0m[38;2;47;189;186m▌                                   [0m
 [38;2;0;0;0m                                                [0m [38;2;65;90;94;48;2;58;186;206m▎[38;2;29;168;200;48;2;15;146;183m▎[38;2;16;160;157;48;2;19;195;132m▍[38;2;77;202;96;48;2;59;109;62m▋[38;2;52;125;62;48;2;47;177;29m▍[38;2;29;189;14;48;2;95;224;37m▀[38;2;78;222;39;48;2;29;201;22m▃[38;2;41;198;40;48;2;32;155;21m▋[38;2;110;216;23;48;2;81;211;43m▀[38;2;65;179;7;48;2;111;223;34m▕[38;2;117;223;34;48;2;97;199;22m▋[38;2;81;165;12;48;2;65;126;14m▍[38;2;106;173;76;48;2;83;115;74m▕[38;2;77;217;145;48;2;115;227;57m▃[38;2;93;231;129;48;2;45;219;181m▌[38;2;32;205;209;48;2;19;238;226m▅[38;2;39;193;209;48;2;26;223;226m━[38;2;118;248;220;48;2;30;206;215m▔[38;2;103;241;218;48;2;25;204;214m▔[38;2;13;215;228;48;2;23;192;203m▅[38;2;7;209;225;48;2;14;173;196m▆[38;2;9;172;204;48;2;5;207;229m▔[38;2;18;186;204;48;2;5;198;222m▁[38;2;31;163;184;48;2;62;98;105m▊[0m  [7m[38;2;31;89;79m▍[0m[38;2;12;48;45;48;2;13;125;126m▃[38;2;18;37;44;48;2;25;156;170m▃[38;2;23;48;56;48;2;61;201;204m▃[38;2;30;76;85;48;2;157;210;214m▃[38;2;4;50;63;48;2;95;147;158m▁[38;2;55;149;166;48;2;87;113;126m▂[0m[7m[38;2;67;99;110m▗[0m [38;2;22;32;34m                                   [0m
 [38;2;0;0;0m                                                [38;2;41;70;36m▂[7m[38;2;57;110;71m▘[0m[38;2;89;175;112;48;2;42;151;167m▅[38;2;181;243;168;48;2;42;188;103m▗[38;2;40;104;54;48;2;49;189;58m▝[38;2;53;205;41;48;2;18;156;58m▅[38;2;72;207;64;48;2;22;175;84m▁[38;2;5;152;102;48;2;66;214;62m▅[38;2;35;191;70;48;2;7;169;111m▀[38;2;45;189;56;48;2;19;179;99m▀[38;2;72;211;66;48;2;19;187;95m▀[38;2;63;198;52;48;2;19;171;78m▀[38;2;26;144;58;48;2;55;139;34m▃[38;2;69;104;77;48;2;102;121;118m▎[38;2;25;135;70;48;2;59;199;156m▂[38;2;11;147;54;48;2;63;225;185m▂[38;2;42;169;59;48;2;24;206;195m▂[38;2;94;202;113;48;2;14;211;215m▃[38;2;67;178;27;48;2;19;211;206m▃[38;2;29;220;219;48;2;89;188;42m▀[38;2;74;194;50;48;2;23;224;225m▅[38;2;50;198;33;48;2;12;205;198m▅[38;2;45;188;42;48;2;14;186;184m▆[38;2;175;212;209;48;2;89;188;85m▝[0m[7m[38;2;111;173;107m▝[0m [7m[38;2;34;49;45m▘[0m[38;2;34;65;66;48;2;50;70;72m╱[38;2;67;84;91;48;2;43;68;71m▅[38;2;120;130;137;48;2;71;86;93m▗[38;2;58;224;211;48;2;94;138;141m▗[38;2;30;233;193;48;2;64;105;109m▅[38;2;39;76;83;48;2;20;214;164m▀[38;2;48;176;148;48;2;35;81;94m▃[0m[38;2;40;77;85m▘                                    [0m
 [38;2;0;0;0m                                               [7m[38;2;43;72;33m▊[0m[38;2;62;168;31;48;2;35;88;26m▅[38;2;53;170;28;48;2;34;99;24m▅[38;2;23;112;8;48;2;61;176;37m▎[38;2;96;203;58;48;2;171;240;151m▍[38;2;16;192;85;48;2;63;221;61m▃[38;2;79;223;54;48;2;18;178;98m▀[38;2;102;224;61;48;2;23;163;100m▀[38;2;80;210;83;48;2;35;172;105m▘[38;2;58;188;113;48;2;8;149;119m▁[38;2;3;111;109;48;2;4;134;120m▃[38;2;7;142;114;48;2;3;92;94m▀[38;2;7;87;89;48;2;7;141;109m▂[38;2;12;153;84;48;2;5;136;119m▀[38;2;83;127;105;48;2;19;143;99m▀[38;2;64;193;55;48;2;39;149;53m▗[38;2;90;213;42;48;2;27;155;22m▅[38;2;131;232;59;48;2;64;192;36m▆[38;2;164;232;95;48;2;206;243;172m▝[38;2;176;240;51;48;2;200;246;65m▔[38;2;78;173;23;48;2;174;236;54m▗[38;2;18;96;7;48;2;89;198;35m━[38;2;69;157;25;48;2;172;239;45m▖[38;2;176;246;29;48;2;187;249;40m▆[38;2;161;244;21;48;2;135;241;18m▋[38;2;90;228;28;48;2;34;196;47m▍[38;2;55;133;65;48;2;35;67;55m▋[38;2;35;62;61;48;2;50;67;72m▌[38;2;57;73;79;48;2;30;46;53m▀[38;2;38;56;63;48;2;61;77;84m▖[38;2;89;102;108;48;2;129;138;142m▎[38;2;53;143;143;48;2;101;119;126m▝[38;2;44;96;102;48;2;22;214;190m▂[38;2;27;99;102;48;2;11;220;181m▁[38;2;31;198;170;48;2;46;70;68m▊[0m [38;2;10;11;11m                                    [0m
 [38;2;0;0;0m                                               [7m[38;2;77;146;61m▊[0m[38;2;40;123;27;48;2;84;191;34m▎[38;2;21;154;9;48;2;64;184;36m┃[38;2;24;128;19;48;2;49;196;43m▎[38;2;202;251;196;48;2;108;225;108m┃[38;2;10;211;90;48;2;35;214;72m▆[38;2;32;219;87;48;2;60;226;86m▋[38;2;46;210;122;48;2;100;232;84m▂[38;2;116;232;90;48;2;20;177;129m▀[38;2;16;167;123;48;2;70;197;105m▆[38;2;21;178;113;48;2;5;114;94m▖[38;2;2;85;82;48;2;1;67;73m▍[38;2;3;54;62;48;2;3;59;72m▀[38;2;8;129;116;48;2;8;83;94m▝[38;2;36;184;102;48;2;9;137;108m╺[38;2;6;154;105;48;2;50;214;108m▀[38;2;5;180;109;48;2;39;206;97m━[38;2;27;203;93;48;2;100;231;73m▃[38;2;123;238;97;48;2;200;246;176m▌[38;2;200;241;150;48;2;184;244;55m▎[38;2;180;244;31;48;2;90;181;17m▊[38;2;61;165;17;48;2;71;206;32m▏[38;2;117;202;31;48;2;53;180;29m▝[38;2;139;227;32;48;2;160;242;20m▂[38;2;138;228;31;48;2;81;172;45m▌[38;2;41;150;33;48;2;51;198;41m▆[38;2;32;104;48;48;2;38;62;60m▘[38;2;57;71;78;48;2;44;56;60m▌[38;2;80;86;86;48;2;36;42;44m━[38;2;31;46;52;48;2;52;68;76m▊[38;2;54;91;95;48;2;51;180;174m▋[38;2;52;194;184;48;2;42;100;102m▋[38;2;37;222;201;48;2;48;115;117m▗[38;2;49;79;88;48;2;39;163;154m▀[0m[38;2;50;125;122m▊[0m [38;2;3;3;3m                                    [0m
 [38;2;0;0;0m                                               [0m [38;2;77;104;62;48;2;84;204;41m▎[38;2;40;187;47;48;2;7;69;16m▊[38;2;33;123;39;48;2;29;56;48m▔[38;2;52;75;70;48;2;97;196;113m▆[38;2;64;89;90;48;2;18;182;106m▅[38;2;46;70;70;48;2;25;193;137m▃[38;2;46;83;77;48;2;15;202;160m▂[38;2;43;124;105;48;2;17;221;155m▂[38;2;32;117;115;48;2;19;197;146m▁[38;2;9;135;143;48;2;3;130;116m▅[38;2;4;96;109;48;2;4;74;87m▌[38;2;9;72;90;48;2;4;63;79m▅[38;2;75;108;117;48;2;33;64;76m▝[38;2;27;56;56;48;2;10;122;121m▖[38;2;28;188;121;48;2;6;136;125m▝[38;2;18;123;105;48;2;28;211;126m▂[38;2;57;120;97;48;2;27;225;124m▃[38;2;76;231;125;48;2;68;121;94m▀[38;2;178;232;132;48;2;87;118;90m▀[38;2;80;95;74;48;2;167;226;52m▅[38;2;67;110;44;48;2;93;194;55m▋[38;2;42;198;37;48;2;83;197;37m▊[38;2;150;237;29;48;2;65;154;16m▆[38;2;104;204;17;48;2;32;141;13m▋[38;2;20;122;39;48;2;28;72;44m▊[38;2;33;50;53;48;2;44;57;63m▋[38;2;101;104;105;48;2;65;74;77m┎[0m[7m[38;2;70;73;72m▘[0m[38;2;32;47;48;48;2;53;63;72m▋[38;2;49;85;94;48;2;47;59;68m⠈[38;2;45;57;70;48;2;31;50;59m▗[38;2;43;169;161;48;2;34;58;66m▔[38;2;34;54;60;48;2;38;151;143m▆[0m[38;2;41;96;94m▘                                     [0m
 [38;2;0;0;0m                                               [0m [38;2;55;90;49;48;2;48;201;48m▎[38;2;1;94;4;48;2;22;178;46m▕[38;2;54;179;40;48;2;32;82;45m▅[38;2;50;81;69;48;2;120;215;130m▀[38;2;19;188;122;48;2;63;93;91m▂[38;2;16;159;125;48;2;42;60;61m▂[38;2;18;147;125;48;2;46;61;63m▁[38;2;12;91;84;48;2;52;63;66m▁[38;2;25;68;71;48;2;46;60;65m▁[38;2;32;49;55;48;2;23;40;45m▌[38;2;17;31;37;48;2;13;25;30m▍[38;2;15;29;36;48;2;30;44;53m▋[0m[38;2;42;49;55m▌[7m[38;2;27;43;44m▎[0m[38;2;15;88;88;48;2;21;41;46m▔[38;2;10;46;44;48;2;23;42;45m▔[38;2;20;38;40;48;2;64;78;80m▖[38;2;52;117;89;48;2;64;83;80m▁[38;2;97;187;110;48;2;82;110;93m▂[38;2;170;229;85;48;2;70;91;64m▃[38;2;67;103;46;48;2;144;212;33m▀[38;2;100;213;63;48;2;32;213;46m▎[38;2;52;203;31;48;2;148;237;35m▎[38;2;123;232;21;48;2;33;171;26m▋[38;2;20;133;43;48;2;13;164;62m▀[38;2;154;172;150;48;2;57;148;56m▕[38;2;146;150;146;48;2;87;95;89m╱[38;2;102;110;106;48;2;25;44;37m▔[38;2;52;62;71;48;2;38;51;57m▝[38;2;27;41;49;48;2;42;55;64m╱[38;2;94;97;98;48;2;43;53;60m⢀[0m[7m[38;2;47;58;66m▃[0m[38;2;39;44;46m▘                                      [0m
 [38;2;0;0;0m                                               [0m [7m[38;2;37;111;45m▅[0m[38;2;47;158;60m▀[38;2;102;160;108;48;2;72;174;61m▅[38;2;151;233;123;48;2;83;189;58m▀[38;2;41;222;137;48;2;136;236;132m▀[38;2;55;232;153;48;2;8;220;155m▂[38;2;22;213;171;48;2;4;233;178m▔[38;2;27;195;167;48;2;5;235;190m▔[38;2;19;140;130;48;2;10;209;186m▔[38;2;6;86;88;48;2;9;166;169m▔[38;2;4;52;56;48;2;13;125;135m▔[38;2;40;106;119;48;2;48;72;78m▊[0m  [7m[38;2;18;91;91m▌[0m[38;2;10;55;57;48;2;7;143;138m▔[38;2;4;174;147;48;2;15;110;96m▆[38;2;28;214;129;48;2;18;156;107m▆[38;2;60;231;114;48;2;167;239;147m▘[38;2;205;241;158;48;2;177;241;51m▘[38;2;134;214;29;48;2;185;241;38m▕[38;2;85;190;30;48;2;33;183;32m▌[38;2;106;230;34;48;2;31;167;30m▝[38;2;81;227;39;48;2;30;163;49m▘[38;2;60;128;71;48;2;23;169;75m▅[0m[7m[38;2;67;120;73m▅[0m[38;2;65;78;69;48;2;33;47;44m▘[0m[7m[38;2;36;49;51m▁[0m[38;2;43;53;56m▀[7m[38;2;45;51;52m▆[0m [38;2;15;16;16m                                        [0m
 [38;2;0;0;0m                                                 [7m[38;2;78;92;86m▋[0m[38;2;56;99;78;48;2;108;173;115m▂[38;2;26;136;53;48;2;82;182;61m▂[38;2;37;199;55;48;2;97;213;60m▂[38;2;103;229;71;48;2;158;239;146m▃[38;2;40;236;164;48;2;164;240;158m▀[38;2;63;235;146;48;2;7;233;176m▂[38;2;4;218;177;48;2;2;191;171m▆[38;2;6;196;178;48;2;11;179;171m▋[38;2;12;138;143;48;2;10;155;148m▀[0m[38;2;63;142;151m▋[0m [38;2;1;1;1m [0m [38;2;26;88;80;48;2;7;152;124m▎[38;2;112;225;138;48;2;11;188;129m▗[38;2;203;248;189;48;2;102;225;104m╱[38;2;100;226;37;48;2;151;237;74m▆[38;2;165;237;24;48;2;94;215;46m▀[38;2;196;243;54;48;2;94;210;51m▀[38;2;178;236;51;48;2;86;206;53m▀[38;2;186;241;61;48;2;108;211;43m━[38;2;127;218;36;48;2;80;186;46m▅[38;2;127;205;57;48;2;84;154;79m▃[0m[38;2;90;113;62m▖[0m  [38;2;2;2;2m                                           [0m
 [38;2;0;0;0m                                                 [7m[38;2;79;130;116m▋[0m[38;2;39;106;88;48;2;117;232;159m▀[38;2;143;237;149;48;2;32;113;72m▃[38;2;89;212;88;48;2;33;107;67m▃[38;2;60;115;81;48;2;32;178;53m▆[38;2;43;133;54;48;2;97;226;73m▅[38;2;153;239;128;48;2;53;213;55m▀[38;2;176;240;149;48;2;79;233;107m━[38;2;109;228;121;48;2;17;214;138m▅[38;2;19;193;124;48;2;6;168;130m▍[0m[38;2;36;132;118m▋[0m [38;2;0;0;0m [0m [7m[38;2;59;169;93m▌[0m[38;2;163;238;155;48;2;77;204;85m┛[38;2;23;92;41;48;2;50;198;50m▗[38;2;32;99;49;48;2;59;211;47m▅[38;2;108;216;116;48;2;54;144;57m▁[38;2;148;229;136;48;2;70;132;69m▂[38;2;178;233;161;48;2;98;139;101m▃[38;2;127;221;146;48;2;75;138;88m▂[38;2;42;113;63;48;2;57;207;36m▅[38;2;51;110;62;48;2;58;195;38m▂[0m[38;2;71;115;63m▌                                             [0m
 [38;2;0;0;0m                                                 [7m[38;2;60;197;157m▋[0m[38;2;20;211;91;48;2;96;225;111m▆[38;2;44;221;71;48;2;168;238;148m▆[38;2;49;233;125;48;2;96;223;90m▂[38;2;30;239;174;48;2;81;209;113m▃[38;2;56;221;182;48;2;32;108;83m▖[38;2;36;90;70;48;2;54;168;60m▆[38;2;38;70;63;48;2;38;207;62m▅[38;2;29;59;56;48;2;22;171;64m▅[38;2;37;62;62;48;2;25;149;86m▆[0m[38;2;52;63;63m▌   [38;2;35;63;42m▝[38;2;36;59;49;48;2;36;150;65m▃[38;2;17;119;97;48;2;22;81;55m▗[38;2;24;173;108;48;2;64;223;101m▍[38;2;195;244;167;48;2;125;238;96m▝[38;2;146;238;106;48;2;221;246;199m▅[38;2;206;247;179;48;2;163;242;144m▀[38;2;166;248;173;48;2;67;231;142m▍[38;2;48;231;201;48;2;28;172;126m▅[38;2;37;152;130;48;2;54;101;94m▖[0m[38;2;76;91;94m▋[0m [38;2;13;14;14m                                            [0m
 [38;2;0;0;0m                                                 [7m[38;2;36;117;117m▋[0m[38;2;7;173;151;48;2;13;176;195m▀[38;2;5;191;134;48;2;5;168;182m▀[38;2;8;202;178;48;2;8;227;214m▎[38;2;18;236;224;48;2;121;243;240m▊[38;2;108;232;224;48;2;14;130;108m▌[38;2;30;85;76;48;2;23;52;53m▊[38;2;28;49;54;48;2;41;62;66m▔[38;2;26;58;45;48;2;39;58;63m▁[38;2;31;120;62;48;2;44;62;64m▂[0m[38;2;61;87;76m▌    [7m[38;2;39;47;46m▋[0m[38;2;22;145;133;48;2;25;80;78m▝[38;2;72;222;215;48;2;24;197;173m┓[38;2;53;223;109;48;2;6;200;179m▀[38;2;84;239;120;48;2;6;227;189m▀[38;2;5;226;191;48;2;84;240;133m▅[38;2;49;242;163;48;2;6;233;208m▘[38;2;20;242;227;48;2;109;244;241m▊[38;2;105;233;226;48;2;38;136;118m▎[38;2;110;201;79;48;2;63;101;81m▗[0m[7m[38;2;105;138;78m▝[0m [38;2;8;9;6m                                           [0m
 [38;2;0;0;0m                                                 [0m [7m[38;2;38;158;165m▖[0m[38;2;23;117;121;48;2;17;190;209m▁[38;2;4;163;192;48;2;14;189;212m╲[38;2;23;130;133;48;2;43;212;218m▗[38;2;55;178;171;48;2;22;84;73m▘[38;2;33;93;63;48;2;57;181;56m▀[38;2;79;213;61;48;2;35;88;44m▆[38;2;46;162;59;48;2;150;236;63m▀[38;2;61;198;50;48;2;35;198;57m▖[38;2;52;169;82;48;2;37;57;45m▋[0m [38;2;7;8;8m   [0m [38;2;59;117;87;48;2;30;50;50m▗[38;2;80;228;226;48;2;23;111;98m▝[38;2;19;138;148;48;2;18;190;204m▁[38;2;7;170;207;48;2;9;190;218m▖[38;2;10;184;221;48;2;7;203;222m▆[38;2;12;184;222;48;2;9;204;225m▆[38;2;21;171;188;48;2;20;216;220m▃[38;2;38;172;161;48;2;50;126;74m▘[38;2;126;220;70;48;2;174;242;44m▘[38;2;92;212;68;48;2;153;230;65m▗[0m[38;2;92;124;83m▖                                           [0m
 [38;2;0;0;0m                                                  [7m[38;2;76;109;86m▊[0m[38;2;74;163;87;48;2;43;86;73m▆[38;2;20;74;64;48;2;40;157;67m▀[38;2;19;67;57;48;2;34;173;60m▀[38;2;20;119;48;48;2;25;202;64m▘[38;2;59;221;52;48;2;9;208;79m▀[38;2;15;209;84;48;2;133;238;52m▅[38;2;11;211;89;48;2;118;233;61m▆[38;2;7;170;106;48;2;20;196;76m▃[38;2;27;162;100;48;2;64;118;99m▋[0m [38;2;31;42;39m    [7m[38;2;38;101;67m▋[0m[38;2;20;80;45;48;2;35;145;72m⠈[38;2;22;92;82;48;2;33;143;56m▀[38;2;23;96;65;48;2;20;171;200m▅[38;2;28;100;60;48;2;22;177;205m▅[38;2;54;128;63;48;2;28;179;202m▆[38;2;132;233;60;48;2;39;106;82m▃[38;2;51;123;44;48;2;142;235;56m▘[38;2;155;240;45;48;2;55;220;76m▀[38;2;73;229;82;48;2;126;226;105m▊[38;2;71;82;61;48;2;173;226;129m▝[0m[38;2;74;99;58m▖                                          [0m
 [38;2;0;0;0m                                                  [7m[38;2;119;185;138m▋[0m[38;2;100;214;149;48;2;31;177;113m▎[38;2;29;170;99;48;2;75;194;73m▆[38;2;68;219;88;48;2;27;196;69m▂[38;2;60;225;94;48;2;12;206;83m▅[38;2;30;182;119;48;2;49;223;101m▂[38;2;41;211;105;48;2;4;145;128m▀[38;2;5;152;148;48;2;7;157;104m▅[38;2;10;182;165;48;2;9;143;136m▃[38;2;19;172;157;48;2;15;136;136m▃[0m[38;2;48;102;105m▍    [0m [7m[38;2;49;123;109m▌[0m[38;2;16;143;113;48;2;28;158;74m▅[38;2;7;135;93;48;2;32;190;67m▂[38;2;27;191;47;48;2;51;209;78m▀[38;2;48;201;52;48;2;71;229;85m▀[38;2;144;248;103;48;2;72;226;84m╺[38;2;42;219;113;48;2;115;239;124m╱[38;2;131;241;147;48;2;63;229;115m▆[38;2;120;234;109;48;2;178;238;153m▘[38;2;90;218;122;48;2;151;234;109m▗[0m[38;2;97;188;116m▌                                          [0m
 [38;2;0;0;0m                                                  [38;2;58;112;77m▝[38;2;143;228;160;48;2;71;181;99m▘[38;2;13;182;100;48;2;72;215;79m▅[38;2;70;222;102;48;2;10;193;135m▀[38;2;103;225;167;48;2;31;195;130m▗[38;2;124;230;170;48;2;15;164;144m▅[38;2;20;163;132;48;2;101;221;174m▁[38;2;7;144;137;48;2;44;214;175m▂[38;2;13;128;135;48;2;13;192;167m▃[38;2;37;72;77;48;2;25;152;147m▗[0m [38;2;30;49;51m     [7m[38;2;40;81;82m▌[0m[38;2;2;122;108;48;2;19;133;119m▝[38;2;17;167;107;48;2;2;126;99m▂[38;2;7;176;110;48;2;2;128;101m▂[38;2;3;156;118;48;2;37;209;121m▆[38;2;93;239;150;48;2;22;197;135m▝[38;2;15;191;138;48;2;123;242;162m▃[38;2;46;210;110;48;2;170;242;165m▖[38;2;204;246;194;48;2;72;226;142m▘[38;2;12;203;167;48;2;41;190;154m▖[0m[38;2;73;134;128m▍                                          [0m
 [38;2;0;0;0m                                                   [7m[38;2;98;169;118m▌[0m[38;2;133;232;160;48;2;14;162;106m▎[38;2;6;114;116;48;2;3;142;142m▀[38;2;7;109;112;48;2;8;168;172m▀[38;2;9;118;121;48;2;8;170;178m▀[38;2;10;123;136;48;2;8;158;170m▀[38;2;15;121;142;48;2;18;150;166m▀[38;2;40;88;101;48;2;23;125;148m▕[0m[38;2;37;58;63m▘      [0m [7m[38;2;24;80;78m▅[38;2;24;126;120m▖[0m[38;2;9;111;126;48;2;20;180;129m▅[38;2;17;189;148;48;2;10;111;127m▀[38;2;12;133;138;48;2;10;174;144m▅[38;2;10;138;122;48;2;14;183;137m╸[38;2;44;219;110;48;2;181;246;177m▌[38;2;102;229;128;48;2;18;221;139m▎[38;2;104;234;221;48;2;40;206;175m┏[0m[38;2;85;122;117m▎                                          [0m
 [38;2;0;0;0m                                                   [7m[38;2;71;116;87m▋[0m[38;2;137;232;163;48;2;24;179;122m▍[38;2;4;192;179;48;2;0;138;146m▃[38;2;1;155;167;48;2;11;207;200m▀[38;2;1;137;149;48;2;6;197;196m▂[38;2;6;173;180;48;2;2;148;161m▀[38;2;25;156;169;48;2;12;139;155m▎[0m[38;2;30;130;149m▋[0m [38;2;5;5;5m        [38;2;43;64;69m▝[38;2;48;88;99;48;2;14;113;137m▖[38;2;9;157;171;48;2;3;125;143m▗[38;2;11;207;199;48;2;3;153;160m▃[38;2;4;230;194;48;2;2;200;171m▂[38;2;40;234;145;48;2;183;247;196m▊[38;2;175;245;193;48;2;29;231;143m▍[38;2;11;223;170;48;2;62;220;199m▎[0m[38;2;67;128;121m▎                                          [0m
 [38;2;0;0;0m                                                  [38;2;37;57;63m▗[7m[38;2;45;96;92m▘[0m[38;2;135;222;155;48;2;31;122;85m▘[38;2;16;79;83;48;2;4;153;143m▅[38;2;19;112;120;48;2;10;174;170m▃[38;2;4;136;145;48;2;10;208;199m▃[38;2;10;205;201;48;2;11;150;163m▀[38;2;13;127;148;48;2;15;153;166m▅[38;2;46;56;59;48;2;46;100;116m▝[0m[38;2;60;75;84m▖         [7m[38;2;40;83;96m▌[0m[38;2;14;134;156;48;2;1;104;128m▅[38;2;12;192;192;48;2;3;141;152m▃[38;2;0;126;128;48;2;9;202;181m━[38;2;15;198;139;48;2;31;239;159m▅[38;2;162;244;180;48;2;59;227;141m▋[38;2;12;184;181;48;2;10;221;184m▝[0m[38;2;46;140;139m▍[0m [38;2;28;32;34m                                         [0m
 [38;2;0;0;0m                                                 [0m [7m[38;2;29;131;127m▌[0m[38;2;13;132;125;48;2;27;76;82m▅[38;2;22;60;65;48;2;17;153;137m▀[38;2;21;173;151;48;2;26;70;74m▃[38;2;25;163;144;48;2;28;69;76m▃[38;2;19;173;163;48;2;32;127;132m▖[38;2;22;136;151;48;2;29;82;94m▔[38;2;40;61;70;48;2;40;88;106m▆[38;2;61;87;100;48;2;43;65;72m▔[0m[38;2;43;56;59m▋         [7m[38;2;69;91;101m▋[0m[38;2;33;73;86;48;2;27;100;123m▅[38;2;15;50;62;48;2;5;118;132m▆[38;2;26;60;69;48;2;17;182;166m▆[38;2;46;80;82;48;2;28;198;138m▆[38;2;45;81;84;48;2;111;184;134m▅[38;2;32;87;88;48;2;32;166;144m▆[38;2;39;152;141;48;2;42;100;107m▂[0m[38;2;54;104;109m▌[0m [38;2;0;0;0m                                        [0m
 [38;2;0;0;0m                                                  [7m[38;2;42;82;87m▍[0m[38;2;20;63;74;48;2;10;126;123m▅[38;2;9;144;132;48;2;16;52;58m▀[38;2;10;50;54;48;2;13;155;137m▃[38;2;12;94;96;48;2;17;163;143m▃[38;2;20;169;158;48;2;9;123;122m▋[38;2;17;88;98;48;2;12;105;113m▝[38;2;16;111;115;48;2;26;56;61m▆[38;2;38;96;105;48;2;28;126;124m▃[0m[38;2;51;81;80m▎         [7m[38;2;35;60;64m▍[0m[38;2;35;118;119;48;2;14;89;93m╿[38;2;7;42;46;48;2;15;125;124m▔[38;2;11;57;61;48;2;17;147;137m▔[38;2;10;85;80;48;2;18;171;151m▔[38;2;16;179;152;48;2;52;177;156m▆[38;2;59;200;174;48;2;20;181;149m▔[38;2;21;172;144;48;2;16;132;124m▊[0m[38;2;30;128;126m▊[0m [38;2;9;11;10m                                        [0m
 [38;2;0;0;0m                                                [0m [38;2;44;102;113m▗[38;2;45;103;118;48;2;37;73;84m▅[38;2;29;51;62;48;2;39;69;83m▝[38;2;48;120;124;48;2;37;57;67m▂[38;2;27;129;131;48;2;31;80;87m▃[38;2;33;174;110;48;2;18;130;125m▗[38;2;135;231;154;48;2;51;165;102m▖[38;2;15;94;77;48;2;21;117;113m▅[38;2;18;76;84;48;2;23;105;116m▃[38;2;64;185;167;48;2;30;109;111m▗[0m[38;2;45;79;75m▍         [0m [38;2;36;68;70;48;2;30;107;102m▍[38;2;12;80;83;48;2;15;125;126m▆[38;2;16;45;51;48;2;20;140;134m▆[38;2;31;49;55;48;2;28;133;124m▆[38;2;37;157;141;48;2;63;84;87m▔[38;2;87;101;105;48;2;46;81;83m▖[38;2;19;62;65;48;2;21;129;121m▎[38;2;89;201;146;48;2;55;101;87m▖[0m [38;2;11;12;11m                                        [0m
 [38;2;0;0;0m                                              [0m [38;2;45;145;146m▃[38;2;29;143;152;48;2;39;65;70m▅[38;2;19;137;144;48;2;35;80;95m▂[38;2;31;136;137;48;2;35;72;82m▂[38;2;76;176;160;48;2;45;103;110m▅[38;2;138;210;174;48;2;93;179;174m▆[38;2;74;174;150;48;2;127;214;140m▀[38;2;134;228;149;48;2;55;169;102m╱[38;2;54;165;89;48;2;22;95;77m▘[38;2;18;81;81;48;2;22;72;80m▚[38;2;20;90;94;48;2;45;176;160m▘[38;2;58;191;174;48;2;19;123;124m▘[0m[38;2;44;86;89m▊         [0m [38;2;38;77;63;48;2;82;184;120m▊[38;2;72;179;116;48;2;11;108;86m▎[38;2;21;43;49;48;2;23;103;106m▝[38;2;29;44;52;48;2;41;62;70m▘[38;2;134;153;158;48;2;73;89;96m⠐[38;2;86;102;107;48;2;56;77;83m▋[38;2;18;69;74;48;2;23;145;138m▎[38;2;132;223;160;48;2;70;166;118m┠[0m[38;2;65;77;68m▏                                        [0m
 [38;2;0;0;0m                                          [0m [38;2;59;88;95m▂[7m[38;2;82;114;127m▀[0m[38;2;76;112;128m▆[38;2;86;172;133;48;2;63;117;120m▝[38;2;82;197;150;48;2;40;113;106m▀[38;2;129;218;157;48;2;33;148;119m━[38;2;18;166;140;48;2;108;193;132m▀[38;2;164;239;167;48;2;61;173;125m╼[38;2;119;212;137;48;2;53;137;103m▀[38;2;46;110;97;48;2;100;195;124m▆[38;2;36;82;91;48;2;38;120;93m▅[38;2;27;69;80;48;2;29;101;89m▅[38;2;22;68;78;48;2;26;72;82m▂[38;2;57;192;171;48;2;19;94;92m▗[38;2;55;200;177;48;2;12;135;128m▘[38;2;21;188;171;48;2;9;107;117m▃[38;2;29;205;187;48;2;32;118;115m▖[0m [38;2;21;27;27m        [0m [7m[38;2;34;91;83m▏[0m[38;2;23;118;82;48;2;95;198;131m▖[38;2;61;185;128;48;2;18;143;127m▖[38;2;16;126;134;48;2;32;75;81m▂[38;2;21;136;146;48;2;52;77;85m▂[38;2;26;132;142;48;2;65;83;90m▃[38;2;25;94;102;48;2;25;153;153m▍[38;2;136;230;172;48;2;73;180;133m╿[0m[38;2;69;105;89m▌                                        [0m
 [38;2;0;0;0m                                         [0m [7m[38;2;38;120;135m▘[0m[38;2;24;148;162;48;2;6;112;126m▀[38;2;8;128;138;48;2;47;133;149m▆[38;2;77;170;173;48;2;37;128;141m▗[38;2;115;194;192;48;2;37;107;122m▃[38;2;103;188;184;48;2;34;100;112m▃[38;2;69;164;165;48;2;38;107;116m▃[38;2;38;139;144;48;2;46;110;112m▅[38;2;47;107;114;48;2;24;130;136m▀[38;2;37;93;102;48;2;25;126;131m▝[38;2;31;86;95;48;2;31;73;85m▎[38;2;30;155;147;48;2;25;70;81m▂[38;2;29;163;152;48;2;20;71;81m▅[38;2;27;195;176;48;2;24;97;95m━[38;2;29;59;61;48;2;20;187;163m▃[38;2;30;80;77;48;2;15;209;180m▃[38;2;32;64;66;48;2;22;170;152m▆[38;2;26;103;98;48;2;41;53;59m▔[0m[38;2;46;50;52m▎        [0m [38;2;40;63;62;48;2;33;119;119m▎[38;2;51;169;102;48;2;35;106;98m▝[38;2;122;221;154;48;2;57;152;110m▘[38;2;126;227;152;48;2;23;132;106m╼[38;2;118;212;145;48;2;22;131;112m━[38;2;104;201;137;48;2;31;140;123m━[38;2;129;216;156;48;2;44;153;132m━[38;2;67;141;125;48;2;124;213;160m▃[38;2;72;133;118;48;2;50;82;83m▊[0m[38;2;42;71;74m▖                                       [0m
 [38;2;0;0;0m                                        [0m [7m[38;2;53;62;69m▎[0m[38;2;36;48;58;48;2;35;84;103m▅[38;2;34;49;60;48;2;14;90;108m▅[38;2;10;109;122;48;2;46;69;79m▀[38;2;25;98;108;48;2;14;124;133m▖[38;2;90;174;175;48;2;12;124;131m▔[38;2;81;170;168;48;2;12;127;132m▔[38;2;39;141;144;48;2;8;128;134m▔[38;2;32;206;196;48;2;7;122;128m▁[38;2;26;205;193;48;2;6;117;123m▂[38;2;35;191;176;48;2;8;126;129m▃[38;2;29;68;69;48;2;29;166;154m▂[38;2;49;85;85;48;2;34;180;164m▆[38;2;119;124;123;48;2;24;40;43m▃[38;2;117;121;120;48;2;23;32;36m▃[38;2;138;141;140;48;2;47;55;60m▃[38;2;43;51;55;48;2;159;163;162m▀[38;2;159;164;163;48;2;45;54;58m▅[38;2;122;127;127;48;2;78;81;81m▊[0m [38;2;34;36;36m        [38;2;68;72;73m▕[38;2;29;94;100;48;2;35;59;66m▝[38;2;27;84;89;48;2;18;105;114m▔[38;2;19;123;126;48;2;47;104;107m▅[38;2;12;126;131;48;2;25;93;101m▃[38;2;18;89;102;48;2;14;134;139m▀[38;2;25;102;115;48;2;31;153;157m▀[38;2;100;195;193;48;2;41;131;138m▁[38;2;66;123;131;48;2;33;150;154m▀[38;2;33;151;156;48;2;62;128;136m▅[38;2;52;81;85;48;2;56;147;156m▝[0m [38;2;33;47;48m                                      [0m
 [38;2;0;0;0m                                       [0m  [7m[38;2;62;70;75m▍[0m[38;2;60;73;85;48;2;40;51;60m▅[38;2;50;59;67;48;2;33;43;52m▁[38;2;24;34;43;48;2;37;46;55m⣀[38;2;56;125;127;48;2;39;51;59m▝[38;2;37;55;61;48;2;55;203;193m▅[38;2;44;67;70;48;2;50;217;203m▅[38;2;42;62;65;48;2;36;217;199m▅[38;2;49;77;78;48;2;35;229;207m▆[38;2;40;215;195;48;2;54;81;82m▔[38;2;78;80;80;48;2;41;65;68m▃[38;2;95;98;99;48;2;48;52;54m━[0m[7m[38;2;93;96;95m▅[0m[38;2;72;73;72m▀[7m[38;2;77;78;77m▃[0m[38;2;58;64;63;48;2;107;110;109m▃[38;2;117;132;128;48;2;140;151;148m▖[38;2;136;149;147;48;2;149;158;157m▂[0m[38;2;121;129;129m▌[0m [38;2;3;3;3m        [0m [38;2;40;48;51;48;2;59;123;129m▎[38;2;27;118;124;48;2;30;89;105m▁[38;2;9;102;117;48;2;16;90;106m▝[38;2;16;82;95;48;2;6;112;124m▂[38;2;30;70;79;48;2;9;124;132m▂[38;2;32;107;114;48;2;74;173;175m▅[38;2;48;118;125;48;2;124;201;200m▅[38;2;39;111;119;48;2;65;175;177m▅[38;2;21;100;111;48;2;11;129;138m▂[38;2;19;126;138;48;2;44;145;153m▋[0m[38;2;59;156;154m▌                                      [0m
 [38;2;0;0;0m                                         [0m [7m[38;2;79;81;83m▆[38;2;89;92;94m▆[38;2;67;71;73m▆[38;2;52;56;59m▆[38;2;54;56;57m▆[38;2;67;68;69m▆[38;2;78;78;79m▆[0m[38;2;86;87;87m▔[0m       [38;2;118;128;127;48;2;87;96;94m▝[38;2;114;120;120;48;2;132;140;140m▃[0m[38;2;87;91;91m▍          [7m[38;2;31;55;59m▎[0m[38;2;36;67;73;48;2;27;171;166m▅[38;2;31;143;143;48;2;32;53;59m▀[38;2;22;58;65;48;2;35;45;54m▘[38;2;38;47;56;48;2;41;50;58m▍[38;2;44;53;61;48;2;47;56;64m▅[38;2;48;56;65;48;2;50;58;67m▅[38;2;50;59;67;48;2;48;55;64m▂[38;2;35;95;100;48;2;47;56;64m▝[38;2;44;58;64;48;2;48;204;192m▅[0m[38;2;58;117;112m▘[0m [38;2;0;0;0m                                     [0m
 [38;2;0;0;0m                                         [0m                [38;2;63;69;67m▀[7m[38;2;94;99;99m▅[0m [38;2;25;26;26m          [0m [7m[38;2;18;22;25m▅[0m[38;2;23;29;35m▀[38;2;22;29;35m▀[38;2;20;27;33m▀[38;2;38;47;56m▔[7m[38;2;22;29;37m▅[38;2;22;29;35m▅[38;2;21;27;31m▅[38;2;22;24;26m▆[0m [38;2;2;2;2m                                      [0m
[?25h